0.000000000000000
1.8179948116072788E-002
3.5676953686464923E-003
1.3889743876294568E-003
6.9177040411665472E-004
2.5379500506860533E-004
2.7848871171697178E-005
1.1572275931725058E-006
7.1036384985364973E-008
3.5118890736904462E-009
3.5118890736904462E-009
3.5118890736904462E-009
3.5118890736904462E-009
3.5118890736904462E-009
3.5118890736904462E-009
3.5118890736904462E-009
3.5118890736904462E-009
3.5118890736904462E-009
3.5118890736904462E-009
3.5118890736904462E-009
3.5118890736904462E-009
3.5118890736904462E-009
3.5118890736904462E-009
3.5118890736904462E-009
3.5118890736904462E-009
3.5118890736904462E-009
3.5118890736904462E-009
3.5118890736904462E-009
3.5118890736904462E-009
3.5118890736904462E-009
3.5118890736904462E-009
3.5118890736904462E-009
3.5118890736904462E-009
3.5118890736904462E-009
3.5118890736904462E-009
3.5118890736904462E-009
3.5118890736904462E-009
3.5118890736904462E-009
3.5118890736904462E-009
3.5118890736904462E-009
3.5118890736904462E-009
3.5118890736904462E-009
3.5118890736904462E-009
3.5118890736904462E-009
3.5118890736904462E-009
3.5118890736904462E-009
3.5118890736904462E-009
3.5118890736904462E-009
3.5118890736904462E-009
3.5118890736904462E-009
3.5118890736904462E-009
3.5118890736904462E-009
3.5118890736904462E-009
3.5118890736904462E-009
3.5118890736904462E-009
3.5118890736904462E-009
3.5118890736904462E-009
3.5118890736904462E-009
3.5118890736904462E-009
3.5118890736904462E-009
3.5118890736904462E-009
3.5118890736904462E-009
3.5118890736904462E-009
3.5118890736904462E-009
3.5118890736904462E-009
3.5118890736904462E-009
3.5118890736904462E-009
3.5118890736904462E-009
3.5118890736904462E-009
3.5118890736904462E-009
3.5118890736904462E-009
3.5118890736904462E-009
3.5118890736904462E-009
3.5118890736904462E-009
3.5118890736904462E-009
3.5118890736904462E-009
3.5118890736904462E-009
3.5118890736904462E-009
3.5118890736904462E-009
3.5118890736904462E-009
3.5118890736904462E-009
3.5118890736904462E-009
3.5118890736904462E-009
3.5118890736904462E-009
3.5118890736904462E-009
3.5118890736904462E-009
3.5118890736904462E-009
3.5118890736904462E-009
3.5118890736904462E-009
3.5118890736904462E-009
3.5118890736904462E-009
3.5118890736904462E-009
3.5118890736904462E-009
3.5118890736904462E-009
3.5118890736904462E-009
3.5118890736904462E-009
3.5118890736904462E-009
3.5118890736904462E-009
3.5118890736904462E-009
3.5118890736904462E-009
3.5118890736904462E-009
3.5118890736904462E-009
3.5118890736904462E-009
3.5118890736904462E-009
3.5118890736904462E-009
3.5118890736904462E-009
3.5118890736904462E-009
3.5118890736904462E-009
3.5118890736904462E-009
3.5118890736904462E-009
3.5118890736904462E-009
3.5118890736904462E-009
3.5118890736904462E-009
3.5118890736904462E-009
3.5118890736904462E-009
3.5118890736904462E-009
3.5118890736904462E-009
3.5118890736904462E-009
3.5118890736904462E-009
3.5118890736904462E-009
3.5118890736904462E-009
3.5118890736904462E-009
3.5118890736904462E-009
3.5118890736904462E-009
3.5118890736904462E-009
3.5118890736904462E-009
3.5118890736904462E-009
3.5118890736904462E-009
3.5118890736904462E-009
3.5118890736904462E-009
3.5118890736904462E-009
3.5118890736904462E-009
3.5118890736904462E-009
3.5118890736904462E-009
3.5118890736904462E-009
3.5118890736904462E-009
3.5118890736904462E-009
3.5118890736904462E-009
3.5118890736904462E-009
3.5118890736904462E-009
3.5118890736904462E-009
3.5118890736904462E-009
3.5118890736904462E-009
3.5118890736904462E-009
3.5118890736904462E-009
3.5118890736904462E-009
3.5118890736904462E-009
3.5118890736904462E-009
3.5118890736904462E-009
3.5118890736904462E-009
3.5118890736904462E-009
3.5118890736904462E-009
3.5118890736904462E-009
3.5118890736904462E-009
3.5118890736904462E-009
3.5118890736904462E-009
3.5118890736904462E-009
3.5118890736904462E-009
3.5118890736904462E-009
3.5118890736904462E-009
3.5118890736904462E-009
3.5118890736904462E-009
3.5118890736904462E-009
3.5118890736904462E-009
3.5118890736904462E-009
3.5118890736904462E-009
3.5118890736904462E-009
3.5118890736904462E-009
3.5118890736904462E-009
3.5118890736904462E-009
3.5118890736904462E-009
3.5118890736904462E-009
3.5118890736904462E-009
3.5118890736904462E-009
3.5118890736904462E-009
3.5118890736904462E-009
3.5118890736904462E-009
3.5118890736904462E-009
3.5118890736904462E-009
3.5118890736904462E-009
3.5118890736904462E-009
3.5118890736904462E-009
3.5118890736904462E-009
3.5118890736904462E-009
3.5118890736904462E-009
3.5118890736904462E-009
3.5118890736904462E-009
3.5118890736904462E-009
3.5118890736904462E-009
3.5118890736904462E-009
3.5118890736904462E-009
3.5118890736904462E-009
3.5118890736904462E-009
3.5118890736904462E-009
3.5118890736904462E-009
3.5118890736904462E-009
3.5118890736904462E-009
3.5118890736904462E-009
3.5118890736904462E-009
3.5118890736904462E-009
3.5118890736904462E-009
3.5118890736904462E-009
3.5118890736904462E-009
3.5118890736904462E-009
3.5118890736904462E-009
3.5118890736904462E-009
3.5118890736904462E-009
3.5118890736904462E-009
3.5118890736904462E-009
3.5118890736904462E-009
3.5118890736904462E-009
3.5118890736904462E-009
3.5118890736904462E-009
3.5118890736904462E-009
3.5118890736904462E-009
3.5118890736904462E-009
3.5118890736904462E-009
3.5118890736904462E-009
3.5118890736904462E-009
3.5118890736904462E-009
3.5118890736904462E-009
3.5118890736904462E-009
3.5118890736904462E-009
3.5118890736904462E-009
3.5118890736904462E-009
3.5118890736904462E-009
3.5118890736904462E-009
3.5118890736904462E-009
3.5118890736904462E-009
3.5118890736904462E-009
3.5118890736904462E-009
3.5118890736904462E-009
3.5118890736904462E-009
3.5118890736904462E-009
3.5118890736904462E-009
3.5118890736904462E-009
3.5118890736904462E-009
3.5118890736904462E-009
3.5118890736904462E-009
3.5118890736904462E-009
3.5118890736904462E-009
3.5118890736904462E-009
3.5118890736904462E-009
3.5118890736904462E-009
3.5118890736904462E-009
3.5118890736904462E-009
3.5118890736904462E-009
3.5118890736904462E-009
3.5118890736904462E-009
3.5118890736904462E-009
3.5118890736904462E-009
3.5118890736904462E-009
3.5118890736904462E-009
3.5118890736904462E-009
3.5118890736904462E-009
3.5118890736904462E-009
3.5118890736904462E-009
3.5118890736904462E-009
3.5118890736904462E-009
3.5118890736904462E-009
3.5118890736904462E-009
3.5118890736904462E-009
3.5118890736904462E-009
3.5118890736904462E-009
3.5118890736904462E-009
3.5118890736904462E-009
3.5118890736904462E-009
3.5118890736904462E-009
3.5118890736904462E-009
3.5118890736904462E-009
3.5118890736904462E-009
3.5118890736904462E-009
3.5118890736904462E-009
3.5118890736904462E-009
3.5118890736904462E-009
3.5118890736904462E-009
3.5118890736904462E-009
3.5118890736904462E-009
3.5118890736904462E-009
3.5118890736904462E-009
0.2172963362050591
4.7826645898343982E-003
1.4398907449402404E-003
3.1366481218117828E-004
8.7100271712160708E-005
4.1448309631935597E-005
4.3201462686876595E-006
1.6837057488187502E-007
1.2515722785173685E-008
1.4857495275657828E-009
1.4857495275657828E-009
1.4857495275657828E-009
1.4857495275657828E-009
1.4857495275657828E-009
1.4857495275657828E-009
1.4857495275657828E-009
1.4857495275657828E-009
1.4857495275657828E-009
1.4857495275657828E-009
1.4857495275657828E-009
1.4857495275657828E-009
1.4857495275657828E-009
1.4857495275657828E-009
1.4857495275657828E-009
1.4857495275657828E-009
1.4857495275657828E-009
1.4857495275657828E-009
1.4857495275657828E-009
1.4857495275657828E-009
1.4857495275657828E-009
1.4857495275657828E-009
1.4857495275657828E-009
1.4857495275657828E-009
1.4857495275657828E-009
1.4857495275657828E-009
1.4857495275657828E-009
1.4857495275657828E-009
1.4857495275657828E-009
1.4857495275657828E-009
1.4857495275657828E-009
1.4857495275657828E-009
1.4857495275657828E-009
1.4857495275657828E-009
1.4857495275657828E-009
1.4857495275657828E-009
1.4857495275657828E-009
1.4857495275657828E-009
1.4857495275657828E-009
1.4857495275657828E-009
1.4857495275657828E-009
1.4857495275657828E-009
1.4857495275657828E-009
1.4857495275657828E-009
1.4857495275657828E-009
1.4857495275657828E-009
1.4857495275657828E-009
1.4857495275657828E-009
1.4857495275657828E-009
1.4857495275657828E-009
1.4857495275657828E-009
1.4857495275657828E-009
1.4857495275657828E-009
1.4857495275657828E-009
1.4857495275657828E-009
1.4857495275657828E-009
1.4857495275657828E-009
1.4857495275657828E-009
1.4857495275657828E-009
1.4857495275657828E-009
1.4857495275657828E-009
1.4857495275657828E-009
1.4857495275657828E-009
1.4857495275657828E-009
1.4857495275657828E-009
1.4857495275657828E-009
1.4857495275657828E-009
1.4857495275657828E-009
1.4857495275657828E-009
1.4857495275657828E-009
1.4857495275657828E-009
1.4857495275657828E-009
1.4857495275657828E-009
1.4857495275657828E-009
1.4857495275657828E-009
1.4857495275657828E-009
1.4857495275657828E-009
1.4857495275657828E-009
1.4857495275657828E-009
1.4857495275657828E-009
1.4857495275657828E-009
1.4857495275657828E-009
1.4857495275657828E-009
1.4857495275657828E-009
1.4857495275657828E-009
1.4857495275657828E-009
1.4857495275657828E-009
1.4857495275657828E-009
1.4857495275657828E-009
1.4857495275657828E-009
1.4857495275657828E-009
1.4857495275657828E-009
1.4857495275657828E-009
1.4857495275657828E-009
1.4857495275657828E-009
1.4857495275657828E-009
1.4857495275657828E-009
1.4857495275657828E-009
1.4857495275657828E-009
1.4857495275657828E-009
1.4857495275657828E-009
1.4857495275657828E-009
1.4857495275657828E-009
1.4857495275657828E-009
1.4857495275657828E-009
1.4857495275657828E-009
1.4857495275657828E-009
1.4857495275657828E-009
1.4857495275657828E-009
1.4857495275657828E-009
1.4857495275657828E-009
1.4857495275657828E-009
1.4857495275657828E-009
1.4857495275657828E-009
1.4857495275657828E-009
1.4857495275657828E-009
1.4857495275657828E-009
1.4857495275657828E-009
1.4857495275657828E-009
1.4857495275657828E-009
1.4857495275657828E-009
1.4857495275657828E-009
1.4857495275657828E-009
1.4857495275657828E-009
1.4857495275657828E-009
1.4857495275657828E-009
1.4857495275657828E-009
1.4857495275657828E-009
1.4857495275657828E-009
1.4857495275657828E-009
1.4857495275657828E-009
1.4857495275657828E-009
1.4857495275657828E-009
1.4857495275657828E-009
1.4857495275657828E-009
1.4857495275657828E-009
1.4857495275657828E-009
1.4857495275657828E-009
1.4857495275657828E-009
1.4857495275657828E-009
1.4857495275657828E-009
1.4857495275657828E-009
1.4857495275657828E-009
1.4857495275657828E-009
1.4857495275657828E-009
1.4857495275657828E-009
1.4857495275657828E-009
1.4857495275657828E-009
1.4857495275657828E-009
1.4857495275657828E-009
1.4857495275657828E-009
1.4857495275657828E-009
1.4857495275657828E-009
1.4857495275657828E-009
1.4857495275657828E-009
1.4857495275657828E-009
1.4857495275657828E-009
1.4857495275657828E-009
1.4857495275657828E-009
1.4857495275657828E-009
1.4857495275657828E-009
1.4857495275657828E-009
1.4857495275657828E-009
1.4857495275657828E-009
1.4857495275657828E-009
1.4857495275657828E-009
1.4857495275657828E-009
1.4857495275657828E-009
1.4857495275657828E-009
1.4857495275657828E-009
1.4857495275657828E-009
1.4857495275657828E-009
1.4857495275657828E-009
1.4857495275657828E-009
1.4857495275657828E-009
1.4857495275657828E-009
1.4857495275657828E-009
1.4857495275657828E-009
1.4857495275657828E-009
1.4857495275657828E-009
1.4857495275657828E-009
1.4857495275657828E-009
1.4857495275657828E-009
1.4857495275657828E-009
1.4857495275657828E-009
1.4857495275657828E-009
1.4857495275657828E-009
1.4857495275657828E-009
1.4857495275657828E-009
1.4857495275657828E-009
1.4857495275657828E-009
1.4857495275657828E-009
1.4857495275657828E-009
1.4857495275657828E-009
1.4857495275657828E-009
1.4857495275657828E-009
1.4857495275657828E-009
1.4857495275657828E-009
1.4857495275657828E-009
0.2170629891999005
7.7829640498211776E-004
2.3523757690521000E-004
5.1058090521062717E-005
1.6542273318946125E-005
7.1784178902885257E-006
6.7197267248336322E-007
3.2967666199436337E-008
2.6444176477888506E-009
2.6444176477888506E-009
2.6444176477888506E-009
2.6444176477888506E-009
2.6444176477888506E-009
2.6444176477888506E-009
2.6444176477888506E-009
2.6444176477888506E-009
2.6444176477888506E-009
2.6444176477888506E-009
2.6444176477888506E-009
2.6444176477888506E-009
2.6444176477888506E-009
2.6444176477888506E-009
2.6444176477888506E-009
2.6444176477888506E-009
2.6444176477888506E-009
2.6444176477888506E-009
2.6444176477888506E-009
2.6444176477888506E-009
2.6444176477888506E-009
2.6444176477888506E-009
2.6444176477888506E-009
2.6444176477888506E-009
2.6444176477888506E-009
2.6444176477888506E-009
2.6444176477888506E-009
2.6444176477888506E-009
2.6444176477888506E-009
2.6444176477888506E-009
2.6444176477888506E-009
2.6444176477888506E-009
2.6444176477888506E-009
2.6444176477888506E-009
2.6444176477888506E-009
2.6444176477888506E-009
2.6444176477888506E-009
2.6444176477888506E-009
2.6444176477888506E-009
2.6444176477888506E-009
2.6444176477888506E-009
2.6444176477888506E-009
2.6444176477888506E-009
2.6444176477888506E-009
2.6444176477888506E-009
2.6444176477888506E-009
2.6444176477888506E-009
2.6444176477888506E-009
2.6444176477888506E-009
2.6444176477888506E-009
2.6444176477888506E-009
2.6444176477888506E-009
2.6444176477888506E-009
2.6444176477888506E-009
2.6444176477888506E-009
2.6444176477888506E-009
2.6444176477888506E-009
2.6444176477888506E-009
2.6444176477888506E-009
2.6444176477888506E-009
2.6444176477888506E-009
2.6444176477888506E-009
2.6444176477888506E-009
2.6444176477888506E-009
2.6444176477888506E-009
2.6444176477888506E-009
2.6444176477888506E-009
2.6444176477888506E-009
2.6444176477888506E-009
2.6444176477888506E-009
2.6444176477888506E-009
2.6444176477888506E-009
2.6444176477888506E-009
2.6444176477888506E-009
2.6444176477888506E-009
2.6444176477888506E-009
2.6444176477888506E-009
2.6444176477888506E-009
2.6444176477888506E-009
2.6444176477888506E-009
2.6444176477888506E-009
2.6444176477888506E-009
2.6444176477888506E-009
2.6444176477888506E-009
2.6444176477888506E-009
2.6444176477888506E-009
2.6444176477888506E-009
2.6444176477888506E-009
2.6444176477888506E-009
2.6444176477888506E-009
2.6444176477888506E-009
2.6444176477888506E-009
2.6444176477888506E-009
2.6444176477888506E-009
2.6444176477888506E-009
2.6444176477888506E-009
2.6444176477888506E-009
2.6444176477888506E-009
2.6444176477888506E-009
2.6444176477888506E-009
2.6444176477888506E-009
2.6444176477888506E-009
2.6444176477888506E-009
2.6444176477888506E-009
2.6444176477888506E-009
2.6444176477888506E-009
2.6444176477888506E-009
2.6444176477888506E-009
2.6444176477888506E-009
2.6444176477888506E-009
2.6444176477888506E-009
2.6444176477888506E-009
2.6444176477888506E-009
2.6444176477888506E-009
2.6444176477888506E-009
2.6444176477888506E-009
2.6444176477888506E-009
2.6444176477888506E-009
2.6444176477888506E-009
2.6444176477888506E-009
2.6444176477888506E-009
2.6444176477888506E-009
2.6444176477888506E-009
2.6444176477888506E-009
2.6444176477888506E-009
2.6444176477888506E-009
2.6444176477888506E-009
2.6444176477888506E-009
2.6444176477888506E-009
2.6444176477888506E-009
2.6444176477888506E-009
2.6444176477888506E-009
2.6444176477888506E-009
2.6444176477888506E-009
2.6444176477888506E-009
2.6444176477888506E-009
2.6444176477888506E-009
2.6444176477888506E-009
2.6444176477888506E-009
2.6444176477888506E-009
2.6444176477888506E-009
2.6444176477888506E-009
2.6444176477888506E-009
2.6444176477888506E-009
2.6444176477888506E-009
2.6444176477888506E-009
2.6444176477888506E-009
2.6444176477888506E-009
2.6444176477888506E-009
2.6444176477888506E-009
2.6444176477888506E-009
2.6444176477888506E-009
2.6444176477888506E-009
2.6444176477888506E-009
2.6444176477888506E-009
2.6444176477888506E-009
2.6444176477888506E-009
2.6444176477888506E-009
2.6444176477888506E-009
2.6444176477888506E-009
2.6444176477888506E-009
2.6444176477888506E-009
2.6444176477888506E-009
2.6444176477888506E-009
2.6444176477888506E-009
0.2170318136376076
1.1210646700214774E-004
3.3778113683895313E-005
7.3722615170386075E-006
2.4892366692975883E-006
1.0415887811174443E-006
9.7294497081231426E-008
4.9024072277116810E-009
4.9024072277116810E-009
4.9024072277116810E-009
4.9024072277116810E-009
4.9024072277116810E-009
4.9024072277116810E-009
4.9024072277116810E-009
4.9024072277116810E-009
4.9024072277116810E-009
4.9024072277116810E-009
4.9024072277116810E-009
4.9024072277116810E-009
4.9024072277116810E-009
4.9024072277116810E-009
4.9024072277116810E-009
4.9024072277116810E-009
4.9024072277116810E-009
4.9024072277116810E-009
4.9024072277116810E-009
4.9024072277116810E-009
4.9024072277116810E-009
4.9024072277116810E-009
4.9024072277116810E-009
4.9024072277116810E-009
4.9024072277116810E-009
4.9024072277116810E-009
4.9024072277116810E-009
4.9024072277116810E-009
4.9024072277116810E-009
4.9024072277116810E-009
4.9024072277116810E-009
4.9024072277116810E-009
4.9024072277116810E-009
4.9024072277116810E-009
4.9024072277116810E-009
4.9024072277116810E-009
4.9024072277116810E-009
4.9024072277116810E-009
4.9024072277116810E-009
4.9024072277116810E-009
4.9024072277116810E-009
4.9024072277116810E-009
4.9024072277116810E-009
4.9024072277116810E-009
4.9024072277116810E-009
4.9024072277116810E-009
4.9024072277116810E-009
4.9024072277116810E-009
4.9024072277116810E-009
4.9024072277116810E-009
4.9024072277116810E-009
4.9024072277116810E-009
4.9024072277116810E-009
4.9024072277116810E-009
4.9024072277116810E-009
4.9024072277116810E-009
4.9024072277116810E-009
4.9024072277116810E-009
4.9024072277116810E-009
4.9024072277116810E-009
4.9024072277116810E-009
4.9024072277116810E-009
4.9024072277116810E-009
4.9024072277116810E-009
4.9024072277116810E-009
4.9024072277116810E-009
4.9024072277116810E-009
4.9024072277116810E-009
4.9024072277116810E-009
4.9024072277116810E-009
4.9024072277116810E-009
4.9024072277116810E-009
4.9024072277116810E-009
4.9024072277116810E-009
4.9024072277116810E-009
4.9024072277116810E-009
4.9024072277116810E-009
4.9024072277116810E-009
4.9024072277116810E-009
4.9024072277116810E-009
4.9024072277116810E-009
4.9024072277116810E-009
4.9024072277116810E-009
4.9024072277116810E-009
4.9024072277116810E-009
4.9024072277116810E-009
4.9024072277116810E-009
4.9024072277116810E-009
4.9024072277116810E-009
4.9024072277116810E-009
4.9024072277116810E-009
4.9024072277116810E-009
4.9024072277116810E-009
4.9024072277116810E-009
4.9024072277116810E-009
4.9024072277116810E-009
4.9024072277116810E-009
4.9024072277116810E-009
4.9024072277116810E-009
4.9024072277116810E-009
4.9024072277116810E-009
4.9024072277116810E-009
4.9024072277116810E-009
4.9024072277116810E-009
4.9024072277116810E-009
4.9024072277116810E-009
4.9024072277116810E-009
4.9024072277116810E-009
4.9024072277116810E-009
4.9024072277116810E-009
4.9024072277116810E-009
4.9024072277116810E-009
4.9024072277116810E-009
4.9024072277116810E-009
4.9024072277116810E-009
4.9024072277116810E-009
4.9024072277116810E-009
4.9024072277116810E-009
4.9024072277116810E-009
4.9024072277116810E-009
4.9024072277116810E-009
4.9024072277116810E-009
0.2170274595571502
1.5829357430842543E-005
4.7538693737367460E-006
1.0426939871649210E-006
3.5585896181231339E-007
1.4692654938734397E-007
1.3832551947196141E-008
6.9411383002937990E-010
6.9411383002937990E-010
6.9411383002937990E-010
6.9411383002937990E-010
6.9411383002937990E-010
6.9411383002937990E-010
6.9411383002937990E-010
6.9411383002937990E-010
6.9411383002937990E-010
6.9411383002937990E-010
6.9411383002937990E-010
6.9411383002937990E-010
6.9411383002937990E-010
6.9411383002937990E-010
6.9411383002937990E-010
6.9411383002937990E-010
6.9411383002937990E-010
6.9411383002937990E-010
6.9411383002937990E-010
6.9411383002937990E-010
6.9411383002937990E-010
6.9411383002937990E-010
6.9411383002937990E-010
6.9411383002937990E-010
6.9411383002937990E-010
6.9411383002937990E-010
6.9411383002937990E-010
6.9411383002937990E-010
6.9411383002937990E-010
6.9411383002937990E-010
6.9411383002937990E-010
6.9411383002937990E-010
6.9411383002937990E-010
6.9411383002937990E-010
6.9411383002937990E-010
6.9411383002937990E-010
6.9411383002937990E-010
6.9411383002937990E-010
6.9411383002937990E-010
6.9411383002937990E-010
6.9411383002937990E-010
6.9411383002937990E-010
6.9411383002937990E-010
6.9411383002937990E-010
6.9411383002937990E-010
6.9411383002937990E-010
6.9411383002937990E-010
6.9411383002937990E-010
6.9411383002937990E-010
6.9411383002937990E-010
6.9411383002937990E-010
6.9411383002937990E-010
6.9411383002937990E-010
6.9411383002937990E-010
6.9411383002937990E-010
6.9411383002937990E-010
6.9411383002937990E-010
6.9411383002937990E-010
6.9411383002937990E-010
6.9411383002937990E-010
6.9411383002937990E-010
6.9411383002937990E-010
6.9411383002937990E-010
6.9411383002937990E-010
6.9411383002937990E-010
6.9411383002937990E-010
6.9411383002937990E-010
6.9411383002937990E-010
6.9411383002937990E-010
6.9411383002937990E-010
6.9411383002937990E-010
6.9411383002937990E-010
6.9411383002937990E-010
6.9411383002937990E-010
6.9411383002937990E-010
6.9411383002937990E-010
6.9411383002937990E-010
6.9411383002937990E-010
6.9411383002937990E-010
6.9411383002937990E-010
6.9411383002937990E-010
6.9411383002937990E-010
6.9411383002937990E-010
6.9411383002937990E-010
0.2170268454373448
2.2256774810787763E-006
6.6675758003274246E-007
1.4677552543431687E-007
5.0321206763369376E-008
2.0626628245679882E-008
1.9549689048766412E-009
1.9549689048766412E-009
1.9549689048766412E-009
1.9549689048766412E-009
1.9549689048766412E-009
1.9549689048766412E-009
1.9549689048766412E-009
1.9549689048766412E-009
1.9549689048766412E-009
1.9549689048766412E-009
1.9549689048766412E-009
1.9549689048766412E-009
1.9549689048766412E-009
1.9549689048766412E-009
1.9549689048766412E-009
1.9549689048766412E-009
1.9549689048766412E-009
1.9549689048766412E-009
1.9549689048766412E-009
1.9549689048766412E-009
1.9549689048766412E-009
1.9549689048766412E-009
1.9549689048766412E-009
1.9549689048766412E-009
1.9549689048766412E-009
1.9549689048766412E-009
1.9549689048766412E-009
1.9549689048766412E-009
1.9549689048766412E-009
1.9549689048766412E-009
1.9549689048766412E-009
1.9549689048766412E-009
1.9549689048766412E-009
1.9549689048766412E-009
1.9549689048766412E-009
1.9549689048766412E-009
1.9549689048766412E-009
1.9549689048766412E-009
1.9549689048766412E-009
1.9549689048766412E-009
1.9549689048766412E-009
1.9549689048766412E-009
1.9549689048766412E-009
1.9549689048766412E-009
1.9549689048766412E-009
1.9549689048766412E-009
1.9549689048766412E-009
1.9549689048766412E-009
1.9549689048766412E-009
1.9549689048766412E-009
1.9549689048766412E-009
1.9549689048766412E-009
1.9549689048766412E-009
0.2170267588870149
3.1269364857534054E-007
9.3276975967978000E-008
2.0661353630449543E-008
7.1275564647093842E-009
7.1275564647093842E-009
7.1275564647093842E-009
7.1275564647093842E-009
7.1275564647093842E-009
7.1275564647093842E-009
7.1275564647093842E-009
7.1275564647093842E-009
7.1275564647093842E-009
7.1275564647093842E-009
7.1275564647093842E-009
7.1275564647093842E-009
7.1275564647093842E-009
7.1275564647093842E-009
7.1275564647093842E-009
7.1275564647093842E-009
7.1275564647093842E-009
7.1275564647093842E-009
7.1275564647093842E-009
7.1275564647093842E-009
7.1275564647093842E-009
7.1275564647093842E-009
7.1275564647093842E-009
7.1275564647093842E-009
7.1275564647093842E-009
