0.000000000000000
0.000000000000000
0.000000000000000
0.000000000000000
0.000000000000000
0.000000000000000
0.000000000000000
0.000000000000000
0.000000000000000
2.2637355453406376E-002
2.1654491341812003E-003
8.7088673211410542E-004
3.3399935593580939E-004
2.6556092007479014E-004
8.1184564158054705E-005
2.4679568466105111E-006
1.9667608070957843E-007
1.3408829299093368E-008
7.8997785161854455E-010
7.8997785161854455E-010
7.8997785161854455E-010
7.8997785161854455E-010
7.8997785161854455E-010
7.8997785161854455E-010
7.8997785161854455E-010
7.8997785161854455E-010
7.8134512171872551E-004
2.5537199690144513E-004
8.7141666579156467E-005
1.9883282768273287E-005
9.7482180900423740E-006
1.4951103619090107E-006
4.4479632307288168E-008
8.1629915306591043E-009
8.1629915306591043E-009
8.1629915306591043E-009
8.1629915306591043E-009
8.1629915306591043E-009
8.1629915306591043E-009
8.1629915306591043E-009
8.1629915306591043E-009
1.0645461986571267E-004
3.6926927484217349E-005
1.2654879591238166E-005
2.5365572215437940E-006
1.2702246956766654E-006
1.8637430654959044E-007
5.3929639483504835E-009
5.3929639483504835E-009
5.3929639483504835E-009
5.3929639483504835E-009
5.3929639483504835E-009
5.3929639483504835E-009
5.3929639483504835E-009
1.4900073041273430E-005
5.3382885875327011E-006
1.8338123857089618E-006
3.4718302784798833E-007
1.7451702164996080E-007
2.5689408426026534E-008
7.5898967457489315E-010
7.5898967457489315E-010
7.5898967457489315E-010
7.5898967457489315E-010
7.5898967457489315E-010
7.5898967457489315E-010
2.0947959131668233E-006
7.6248451843265285E-007
2.6223897227054251E-007
4.8320968480814900E-008
2.4298342542648167E-008
3.6117310989787457E-009
3.6117310989787457E-009
3.6117310989787457E-009
3.6117310989787457E-009
3.6117310989787457E-009
3.6117310989787457E-009
2.9507983883060656E-007
1.0825740193247803E-007
3.7255071983161198E-008
