0.000000000000000
1.8179948116073586E-002
3.5676953686466090E-003
1.3889743876295288E-003
6.9177040411640296E-004
2.5379500506762066E-004
2.7848871173364064E-005
1.1572275927578161E-006
7.1036384116878958E-008
3.5118891119744730E-009
3.5118891119744730E-009
3.5118891119744730E-009
3.5118891119744730E-009
3.5118891119744730E-009
3.5118891119744730E-009
3.5118891119744730E-009
3.5118891119744730E-009
3.5118891119744730E-009
3.5118891119744730E-009
3.5118891119744730E-009
3.5118891119744730E-009
3.5118891119744730E-009
3.5118891119744730E-009
3.5118891119744730E-009
3.5118891119744730E-009
3.5118891119744730E-009
3.5118891119744730E-009
3.5118891119744730E-009
3.5118891119744730E-009
3.5118891119744730E-009
3.5118891119744730E-009
3.5118891119744730E-009
3.5118891119744730E-009
3.5118891119744730E-009
3.5118891119744730E-009
3.5118891119744730E-009
3.5118891119744730E-009
3.5118891119744730E-009
3.5118891119744730E-009
3.5118891119744730E-009
3.5118891119744730E-009
3.5118891119744730E-009
3.5118891119744730E-009
3.5118891119744730E-009
3.5118891119744730E-009
3.5118891119744730E-009
3.5118891119744730E-009
3.5118891119744730E-009
3.5118891119744730E-009
3.5118891119744730E-009
3.5118891119744730E-009
3.5118891119744730E-009
3.5118891119744730E-009
3.5118891119744730E-009
3.5118891119744730E-009
3.5118891119744730E-009
3.5118891119744730E-009
3.5118891119744730E-009
3.5118891119744730E-009
3.5118891119744730E-009
3.5118891119744730E-009
3.5118891119744730E-009
3.5118891119744730E-009
3.5118891119744730E-009
3.5118891119744730E-009
3.5118891119744730E-009
3.5118891119744730E-009
3.5118891119744730E-009
3.5118891119744730E-009
3.5118891119744730E-009
3.5118891119744730E-009
3.5118891119744730E-009
3.5118891119744730E-009
3.5118891119744730E-009
3.5118891119744730E-009
3.5118891119744730E-009
3.5118891119744730E-009
3.5118891119744730E-009
3.5118891119744730E-009
3.5118891119744730E-009
3.5118891119744730E-009
3.5118891119744730E-009
3.5118891119744730E-009
3.5118891119744730E-009
3.5118891119744730E-009
3.5118891119744730E-009
3.5118891119744730E-009
3.5118891119744730E-009
3.5118891119744730E-009
3.5118891119744730E-009
3.5118891119744730E-009
3.5118891119744730E-009
3.5118891119744730E-009
3.5118891119744730E-009
3.5118891119744730E-009
3.5118891119744730E-009
3.5118891119744730E-009
3.5118891119744730E-009
3.5118891119744730E-009
3.5118891119744730E-009
3.5118891119744730E-009
3.5118891119744730E-009
3.5118891119744730E-009
3.5118891119744730E-009
3.5118891119744730E-009
3.5118891119744730E-009
3.5118891119744730E-009
3.5118891119744730E-009
3.5118891119744730E-009
3.5118891119744730E-009
3.5118891119744730E-009
3.5118891119744730E-009
3.5118891119744730E-009
3.5118891119744730E-009
3.5118891119744730E-009
3.5118891119744730E-009
3.5118891119744730E-009
3.5118891119744730E-009
3.5118891119744730E-009
3.5118891119744730E-009
3.5118891119744730E-009
3.5118891119744730E-009
3.5118891119744730E-009
3.5118891119744730E-009
3.5118891119744730E-009
3.5118891119744730E-009
3.5118891119744730E-009
3.5118891119744730E-009
3.5118891119744730E-009
3.5118891119744730E-009
3.5118891119744730E-009
3.5118891119744730E-009
3.5118891119744730E-009
3.5118891119744730E-009
3.5118891119744730E-009
3.5118891119744730E-009
3.5118891119744730E-009
3.5118891119744730E-009
0.2172963362050590
4.7826653315043138E-003
1.4398928691925314E-003
3.1366481461790239E-004
8.7100012633726520E-005
4.1448309372404817E-005
4.3201451105179453E-006
1.6837033484726211E-007
1.2515648621864986E-008
1.4857480233527488E-009
1.4857480233527488E-009
1.4857480233527488E-009
1.4857480233527488E-009
1.4857480233527488E-009
1.4857480233527488E-009
1.4857480233527488E-009
1.4857480233527488E-009
1.4857480233527488E-009
1.4857480233527488E-009
1.4857480233527488E-009
1.4857480233527488E-009
1.4857480233527488E-009
1.4857480233527488E-009
1.4857480233527488E-009
1.4857480233527488E-009
1.4857480233527488E-009
1.4857480233527488E-009
1.4857480233527488E-009
1.4857480233527488E-009
1.4857480233527488E-009
1.4857480233527488E-009
1.4857480233527488E-009
1.4857480233527488E-009
1.4857480233527488E-009
1.4857480233527488E-009
1.4857480233527488E-009
1.4857480233527488E-009
1.4857480233527488E-009
1.4857480233527488E-009
1.4857480233527488E-009
1.4857480233527488E-009
1.4857480233527488E-009
1.4857480233527488E-009
1.4857480233527488E-009
1.4857480233527488E-009
1.4857480233527488E-009
1.4857480233527488E-009
1.4857480233527488E-009
1.4857480233527488E-009
1.4857480233527488E-009
1.4857480233527488E-009
1.4857480233527488E-009
1.4857480233527488E-009
1.4857480233527488E-009
1.4857480233527488E-009
1.4857480233527488E-009
1.4857480233527488E-009
1.4857480233527488E-009
1.4857480233527488E-009
1.4857480233527488E-009
1.4857480233527488E-009
1.4857480233527488E-009
1.4857480233527488E-009
1.4857480233527488E-009
1.4857480233527488E-009
1.4857480233527488E-009
1.4857480233527488E-009
1.4857480233527488E-009
1.4857480233527488E-009
1.4857480233527488E-009
1.4857480233527488E-009
1.4857480233527488E-009
1.4857480233527488E-009
1.4857480233527488E-009
1.4857480233527488E-009
1.4857480233527488E-009
1.4857480233527488E-009
1.4857480233527488E-009
1.4857480233527488E-009
1.4857480233527488E-009
1.4857480233527488E-009
1.4857480233527488E-009
1.4857480233527488E-009
1.4857480233527488E-009
1.4857480233527488E-009
1.4857480233527488E-009
1.4857480233527488E-009
1.4857480233527488E-009
1.4857480233527488E-009
1.4857480233527488E-009
1.4857480233527488E-009
1.4857480233527488E-009
1.4857480233527488E-009
1.4857480233527488E-009
1.4857480233527488E-009
1.4857480233527488E-009
1.4857480233527488E-009
1.4857480233527488E-009
1.4857480233527488E-009
1.4857480233527488E-009
1.4857480233527488E-009
1.4857480233527488E-009
1.4857480233527488E-009
1.4857480233527488E-009
1.4857480233527488E-009
1.4857480233527488E-009
1.4857480233527488E-009
1.4857480233527488E-009
1.4857480233527488E-009
1.4857480233527488E-009
1.4857480233527488E-009
1.4857480233527488E-009
1.4857480233527488E-009
1.4857480233527488E-009
1.4857480233527488E-009
1.4857480233527488E-009
1.4857480233527488E-009
1.4857480233527488E-009
1.4857480233527488E-009
1.4857480233527488E-009
1.4857480233527488E-009
1.4857480233527488E-009
1.4857480233527488E-009
1.4857480233527488E-009
1.4857480233527488E-009
0.2170629895279854
7.7829750972189247E-004
2.3523487915502392E-004
5.1058386212520059E-005
1.6542764313799170E-005
7.1783703616990734E-006
6.7198800800061897E-007
3.2967703923750107E-008
2.6443852919508878E-009
2.6443852919508878E-009
2.6443852919508878E-009
2.6443852919508878E-009
2.6443852919508878E-009
2.6443852919508878E-009
2.6443852919508878E-009
2.6443852919508878E-009
2.6443852919508878E-009
2.6443852919508878E-009
2.6443852919508878E-009
2.6443852919508878E-009
2.6443852919508878E-009
2.6443852919508878E-009
2.6443852919508878E-009
2.6443852919508878E-009
2.6443852919508878E-009
2.6443852919508878E-009
2.6443852919508878E-009
0.2170318133991436
1.1211263437192806E-004
3.3779700954480728E-005
7.3726918592580087E-006
2.4894161742319628E-006
1.0416402614884559E-006
9.7301381997613486E-008
4.9026610483634550E-009
4.9026610483634550E-009
4.9026610483634550E-009
4.9026610483634550E-009
4.9026610483634550E-009
4.9026610483634550E-009
4.9026610483634550E-009
4.9026610483634550E-009
4.9026610483634550E-009
0.2170274590375925
1.5830082271902513E-005
4.7540037443447887E-006
1.0427498041118844E-006
3.5588798917278435E-007
1.4693149215239999E-007
1.3833677790983496E-008
6.9413982260414445E-010
6.9413982260414445E-010
6.9413982260414445E-010
6.9413982260414445E-010
6.9413982260414445E-010
6.9413982260414445E-010
6.9413982260414445E-010
0.2170268448769399
2.2306117753540355E-006
6.6889000545671510E-007
1.4703647342573950E-007
5.0336683289801706E-008
2.0686398049247920E-008
1.9553622725823009E-009
1.9553622725823009E-009
1.9553622725823009E-009
1.9553622725823009E-009
1.9553622725823009E-009
0.2170267582382710
3.1147407994601790E-007
9.4274470855536760E-008
2.0450301880611290E-008
6.8965093693689911E-009
6.8965093693689911E-009
6.8965093693689911E-009
6.8965093693689911E-009
6.8965093693689911E-009
