0.000000000000000
1.8179948116073628E-002
3.5676953686469312E-003
1.3889743876295331E-003
6.9177040411643397E-004
2.5379500506841597E-004
2.7848871171951775E-005
1.1572275933128007E-006
7.1036384713698386E-008
3.5118891959683483E-009
3.5118891959683483E-009
3.5118891959683483E-009
3.5118891959683483E-009
3.5118891959683483E-009
3.5118891959683483E-009
3.5118891959683483E-009
3.5118891959683483E-009
3.5118891959683483E-009
3.5118891959683483E-009
3.5118891959683483E-009
3.5118891959683483E-009
3.5118891959683483E-009
3.5118891959683483E-009
3.5118891959683483E-009
3.5118891959683483E-009
3.5118891959683483E-009
3.5118891959683483E-009
3.5118891959683483E-009
3.5118891959683483E-009
3.5118891959683483E-009
3.5118891959683483E-009
3.5118891959683483E-009
3.5118891959683483E-009
3.5118891959683483E-009
3.5118891959683483E-009
3.5118891959683483E-009
3.5118891959683483E-009
3.5118891959683483E-009
3.5118891959683483E-009
3.5118891959683483E-009
3.5118891959683483E-009
3.5118891959683483E-009
3.5118891959683483E-009
3.5118891959683483E-009
3.5118891959683483E-009
3.5118891959683483E-009
3.5118891959683483E-009
3.5118891959683483E-009
3.5118891959683483E-009
3.5118891959683483E-009
3.5118891959683483E-009
3.5118891959683483E-009
3.5118891959683483E-009
3.5118891959683483E-009
3.5118891959683483E-009
3.5118891959683483E-009
3.5118891959683483E-009
3.5118891959683483E-009
3.5118891959683483E-009
3.5118891959683483E-009
3.5118891959683483E-009
3.5118891959683483E-009
3.5118891959683483E-009
3.5118891959683483E-009
3.5118891959683483E-009
3.5118891959683483E-009
3.5118891959683483E-009
3.5118891959683483E-009
3.5118891959683483E-009
3.5118891959683483E-009
3.5118891959683483E-009
3.5118891959683483E-009
3.5118891959683483E-009
3.5118891959683483E-009
3.5118891959683483E-009
3.5118891959683483E-009
3.5118891959683483E-009
3.5118891959683483E-009
3.5118891959683483E-009
3.5118891959683483E-009
3.5118891959683483E-009
3.5118891959683483E-009
3.5118891959683483E-009
3.5118891959683483E-009
3.5118891959683483E-009
3.5118891959683483E-009
3.5118891959683483E-009
3.5118891959683483E-009
3.5118891959683483E-009
3.5118891959683483E-009
3.5118891959683483E-009
3.5118891959683483E-009
3.5118891959683483E-009
3.5118891959683483E-009
3.5118891959683483E-009
3.5118891959683483E-009
3.5118891959683483E-009
3.5118891959683483E-009
3.5118891959683483E-009
3.5118891959683483E-009
3.5118891959683483E-009
3.5118891959683483E-009
3.5118891959683483E-009
3.5118891959683483E-009
3.5118891959683483E-009
3.5118891959683483E-009
3.5118891959683483E-009
3.5118891959683483E-009
3.5118891959683483E-009
4.7826601844319005E-003
1.4398902656465563E-003
3.1366450930588892E-004
8.7100059848558200E-005
4.1448266119428902E-005
4.3201413771645921E-006
1.6837025487296659E-007
1.2515672824851044E-008
1.4857472611420787E-009
1.4857472611420787E-009
1.4857472611420787E-009
1.4857472611420787E-009
1.4857472611420787E-009
1.4857472611420787E-009
1.4857472611420787E-009
1.4857472611420787E-009
1.4857472611420787E-009
7.7830352805276606E-004
2.3523760521326778E-004
5.1058714273353881E-005
1.6542750935439839E-005
7.1784429841746936E-006
6.7198889202685023E-007
3.2967958868977064E-008
2.6444155663390382E-009
2.6444155663390382E-009
2.6444155663390382E-009
2.6444155663390382E-009
2.6444155663390382E-009
2.6444155663390382E-009
2.6444155663390382E-009
2.6444155663390382E-009
2.6444155663390382E-009
2.6444155663390382E-009
2.6444155663390382E-009
2.6444155663390382E-009
2.6444155663390382E-009
2.6444155663390382E-009
2.6444155663390382E-009
2.6444155663390382E-009
2.6444155663390382E-009
2.6444155663390382E-009
2.6444155663390382E-009
2.6444155663390382E-009
2.6444155663390382E-009
2.6444155663390382E-009
2.6444155663390382E-009
2.6444155663390382E-009
2.6444155663390382E-009
2.6444155663390382E-009
2.6444155663390382E-009
2.6444155663390382E-009
2.6444155663390382E-009
2.6444155663390382E-009
2.6444155663390382E-009
1.1210392934928537E-004
3.3777324173807297E-005
7.3720971980773387E-006
2.4891847988159154E-006
1.0415647317754144E-006
9.7292419476794614E-008
4.9022954728625927E-009
4.9022954728625927E-009
4.9022954728625927E-009
4.9022954728625927E-009
4.9022954728625927E-009
4.9022954728625927E-009
4.9022954728625927E-009
4.9022954728625927E-009
4.9022954728625927E-009
1.5837498645960197E-005
4.7558991547107087E-006
1.0432702891988236E-006
3.5610401157430963E-007
1.4699308485127805E-007
1.3842125527784252E-008
6.9443853803432154E-010
6.9443853803432154E-010
6.9443853803432154E-010
6.9443853803432154E-010
6.9443853803432154E-010
6.9443853803432154E-010
6.9443853803432154E-010
2.2307622914178312E-006
6.6918285565056296E-007
1.4702214768888571E-007
5.0303510347856011E-008
2.0693141061461767E-008
1.9540096823336454E-009
1.9540096823336454E-009
1.9540096823336454E-009
1.9540096823336454E-009
1.9540096823336454E-009
3.1151712101458687E-007
9.4264043844395181E-008
2.0455196479016471E-008
6.9011153887043322E-009
6.9011153887043322E-009
6.9011153887043322E-009
6.9011153887043322E-009
