-112.098384879283955
-112.127578177783661
-112.128389778024413
-112.128626982780673
-112.128660143052144
-112.128662846565973
-112.128662874182240
-112.128662874258225
-112.128662874258552
-112.128662874258552
-112.129528229366130
-112.130300294601156
-112.130988518564507
-112.131601530872004
-112.132147181151353
-112.132632584499277
-112.133064170636814
-112.133447734641763
-112.133788487668568
-112.134091106499667
-112.134359781118675
-112.134598259768680
-112.134809891169880
-112.134997663730658
-112.135164241705567
-112.135311998339191
-112.135443046096512
-112.135559264119607
-112.135662323076900
-112.135753707584456
-112.135834736384083
-112.135906580462986
-112.135970279293502
-112.136026755364583
-112.136076827166434
-112.136121220778676
-112.136160580201704
-112.136195476559180
-112.136226416288594
-112.136253848426364
-112.136278171083887
-112.136299737201441
-112.136318859658431
-112.136335815810156
-112.136350851514464
-112.136364184704476
-112.136376008557860
-112.136386494307885
-112.136395793736114
-112.136404041382534
-112.136411356505121
-112.136417844816904
-112.136423600025580
-112.136428705198469
-112.136433233972042
-112.136437251624088
-112.136440816023750
-112.136443978473764
-112.136446784456666
-112.136449274296154
-112.136451483743286
-112.136453444495942
-112.136455184659184
-112.136456729153252
-112.136458100075245
-112.136459317019515
-112.136460397361773
-112.136461356510864
-112.136462208131860
-112.136462964343849
-112.136463635895268
-112.136464232319327
-112.136464762071697
-112.136465232652569
-112.136465650715081
-112.136466022161045
-112.136466352226151
-112.136466645555373
-112.136466906269717
-112.136467138025637
-112.136467344067498
-112.136467527274206
-112.136467690200504
-112.136467835113621
-112.136467964025712
-112.136468078722757
-112.136468180789976
-112.136468271634598
-112.136468352505858
-112.136468424512884
-112.136468488640389
-112.136468545762853
-112.136468596656769
-112.136468642011764
-112.136468682440409
-112.136468718486768
-112.136468750634236
-112.136468779312267
-112.136468804902449
-112.136468827743897
-112.136468848138009
-112.136468866352715
-112.136468882626147
-112.136468897170076
-112.136468910172837
-112.136468921801892
-112.136468932206199
-112.136468941518316
-112.136468949856209
-112.136468957324780
-112.136468964017496
-112.136468970017546
-112.136468975398969
-112.136468980227761
-112.136468984562683
-112.136468988456130
-112.136468991954757
-112.136468995100188
-112.136468997929526
-112.136469000475870
-112.136469002768749
-112.136469004834538
-112.136469006696728
-112.136469008376352
-112.136469009892181
-112.136469011260957
-112.136469012497713
-112.136469013615823
-112.136469014627295
-112.136469015542843
-112.136469016372075
-112.136469017123602
-112.136469017805126
-112.136469018423554
-112.136469018985082
-112.136469019495280
-112.136469019959094
-112.136469020381043
-112.136469020765148
-112.136469021114991
-112.136469021433854
-112.136469021724650
-112.136469021990038
-112.136469022232347
-112.136469022453753
-112.136469022656158
-112.136469022841325
-112.136469023010804
-112.136469023166015
-112.136469023308237
-112.136469023438664
-112.136469023558291
-112.136469023668113
-112.136469023768953
-112.136469023861622
-112.136469023946802
-112.136469024025175
-112.136469024097281
-112.136469024163674
-112.136469024224823
-112.136469024281183
-112.136469024333124
-112.136469024381029
-112.136469024425253
-112.136469024466066
-112.136469024503754
-112.136469024538570
-112.136469024570744
-112.136469024600487
-112.136469024627985
-112.136469024653437
-112.136469024676998
-112.136469024698798
-112.136469024718977
-112.136469024737664
-112.136469024754987
-112.136469024771031
-112.136469024785910
-112.136469024799709
-112.136469024812513
-112.136469024824379
-112.136469024835392
-112.136469024845610
-112.136469024855089
-112.136469024863899
-112.136469024872071
-112.136469024879659
-112.136469024886722
-112.136469024893273
-112.136469024899370
-112.136469024905040
-112.136469024910284
-112.136469024915172
-112.136469024919720
-112.136469024923940
-112.136469024927877
-112.136469024931543
-112.136469024934939
-112.136469024938108
-112.136469024941050
-112.136469024943779
-112.136469024946337
-112.136469024948710
-112.136469024950912
-112.136469024952959
-112.136469024954863
-112.136469024956654
-112.136469024958316
-112.136469024959865
-112.136469024961286
-112.136469024962636
-112.136469024963873
-112.136469024965038
-112.136469024966118
-112.136469024967127
-112.136469024968051
-112.136469024968932
-112.136469024969742
-112.136469024970495
-112.136469024971205
-112.136469024971859
-112.136469024972470
-112.136469024973039
-112.136469024973579
-112.136469024974062
-112.136469024974531
-112.136469024974957
-112.136469024975355
-112.136469024975725
-112.136469024976080
-112.136469024976407
-112.136469024976705
-112.136469024976989
-112.136469024977245
-112.136469024977487
-112.136469024977714
-112.136469024977927
-112.136469024978126
-112.136469024978311
-112.136469024978481
-112.136469024978638
-112.136469024978794
-112.136469024978936
-112.136469024979064
-112.136469024979178
-112.136469024979291
-112.136469024979405
-112.136469024979505
-112.136469024979590
-112.136469024979675
-112.136469024979760
-112.136469024979831
-112.136469024979888
-112.136469024979959
-112.136469024980030
-112.136469024980073
-112.136469024980130
-112.136469024980187
-112.136469024980215
-112.136469024980258
-112.136469024980315
-112.136469024980343
-112.136469024980386
-112.136469024980414
-112.136469024980443
-112.136469024980471
-112.136469024980499
-112.136469024980514
-112.136469024980542
-112.136469024980556
-112.136469024980585
-112.136469024980599
-112.136469024980613
-112.136469024980642
-112.136469024980642
-112.136469024980656
-112.136469024980684
-112.136469024980684
-112.136469024980698
-112.136469024980698
-112.136469024980698
-112.138161782624550
-112.138317501800870
-112.138331300000331
-112.138331815698876
-112.138331891995094
-112.138331892818726
-112.138331892820304
-112.138331892820347
-112.138331892820162
-112.138369624605772
-112.138402767147056
-112.138431878656249
-112.138457449514050
-112.138479910484890
-112.138499639945749
-112.138516970244311
-112.138532193289848
-112.138545565468135
-112.138557311961165
-112.138567630543164
-112.138576694915812
-112.138584657638276
-112.138591652701152
-112.138597797787142
-112.138603196256824
-112.138607938892562
-112.138612105430127
-112.138615765903708
-112.138618981827207
-112.138621807231559
-112.138624289575674
-112.138626470546498
-112.138628386761539
-112.138630070385787
-112.138631549673619
-112.138632849444576
-112.138633991501294
-112.138634994996465
-112.138635876755188
-112.138636651558073
-112.138637332389806
-112.138637930657552
-112.138638456382751
-112.138638918369594
-112.138639324352937
-112.138639681128268
-112.138639994665922
-112.138640270211297
-112.138640512372973
-112.138640725200020
-112.138640912250025
-112.138641076648781
-112.138641221142720
-112.138641348144972
-112.138641459775869
-112.138641557898453
-112.138641644149800
-112.138641719968334
-112.138641786618066
-112.138641845209662
-112.138641896719122
-112.138641942004071
-112.138641981818196
-112.138642016823781
-112.138642047602815
-112.138642074666805
-112.138642098465212
-112.138642119393069
-112.138642137797532
-112.138642153983739
-112.138642168219818
-112.138642180741456
-112.138642191755793
-112.138642201444881
-112.138642209968765
-112.138642217468117
-112.138642224066558
-112.138642229872772
-112.138642234982314
-112.138642239479140
-112.138642243437118
-112.138642246921137
-112.138642249988266
-112.138642252688669
-112.138642255066458
-112.138642257160427
-112.138642259004683
-112.138642260629226
-112.138642262060401
-112.138642263321415
-112.138642264432690
-112.138642265412116
-112.138642266275511
-112.138642267036744
-112.138642267708022
-112.138642268300089
-112.138642268822409
-112.138642269283281
-112.138642269690010
-112.138642270049061
-112.138642270366091
-112.138642270646073
-112.138642270893428
-112.138642271112005
-112.138642271305201
-112.138642271476016
-112.138642271627091
-112.138642271760759
-112.138642271879050
-112.138642271983784
-112.138642272076538
-112.138642272158719
-112.138642272231564
-112.138642272296138
-112.138642272353422
-112.138642272404269
-112.138642272449403
-112.138642272489506
-112.138642272525132
-112.138642272556808
-112.138642272584988
-112.138642272610085
-112.138642272632424
-112.138642272652334
-112.138642272670069
-112.138642272685900
-112.138642272700039
-112.138642272712659
-112.138642272723928
-112.138642272734018
-112.138642272743041
-112.138642272751127
-112.138642272758375
-112.138642272764855
-112.138642272770682
-112.138642272775925
-112.138642272780615
-112.138642272784850
-112.138642272788644
-112.138642272792069
-112.138642272795153
-112.138642272797938
-112.138642272800453
-112.138642272802727
-112.138642272804773
-112.138642272806635
-112.138642272808298
-112.138642272809818
-112.138642272811211
-112.138642272812447
-112.138642272813584
-112.138642272814621
-112.138642272815559
-112.138642272816412
-112.138642272817179
-112.138642272817890
-112.138642272818529
-112.138642272819126
-112.138642272819666
-112.138642272820150
-112.138642272820604
-112.138642272821002
-112.138642272821372
-112.138642272821727
-112.138642272822040
-112.138642272822324
-112.138642272822594
-112.138642272822821
-112.138642272823049
-112.138642272823247
-112.138642272823432
-112.138642272823617
-112.138642272823759
-112.138642272823915
-112.138642272824057
-112.138642272824171
-112.138642272824285
-112.138642272824384
-112.138642272824484
-112.138642272824569
-112.138642272824654
-112.138642272824711
-112.138642272824796
-112.138642272824868
-112.138642272824924
-112.138642272824981
-112.138642272825038
-112.138642272825066
-112.138642272825123
-112.138642272825152
-112.138642272825194
-112.138642272825223
-112.138642272825265
-112.138642272825280
-112.138642272825308
-112.138642272825336
-112.138642272825365
-112.138642272825379
-112.138642272825408
-112.138642272825422
-112.138642272825436
-112.138642272825450
-112.138642272825464
-112.138642272825479
-112.138642272825493
-112.138642272825507
-112.138642272825521
-112.138642272825521
-112.138686790624618
-112.138690979527027
-112.138691343019971
-112.138691360844248
-112.138691363110567
-112.138691363130931
-112.138691363131031
-112.138691363152120
-112.138692233194689
-112.138692996488416
-112.138693666140114
-112.138694253646307
-112.138694769091146
-112.138695221320091
-112.138695618092115
-112.138695966213319
-112.138696271653913
-112.138696539651036
-112.138696774798760
-112.138696981127140
-112.138697162171482
-112.138697321033135
-112.138697460432724
-112.138697582757032
-112.138697690099846
-112.138697784298088
-112.138697866963227
-112.138697939509058
-112.138698003175875
-112.138698059051890
-112.138698108091745
-112.138698151133084
-112.138698188910752
-112.138698222069507
-112.138698251175057
-112.138698276723744
-112.138698299151031
-112.138698318839047
-112.138698336123070
-112.138698351297293
-112.138698364619813
-112.138698376317180
-112.138698386588118
-112.138698395607079
-112.138698403527073
-112.138698410482419
-112.138698416591012
-112.138698421956235
-112.138698426668910
-112.138698430808660
-112.138698434445445
-112.138698437640599
-112.138698440447996
-112.138698442914915
-112.138698445082824
-112.138698446988172
-112.138698448662922
-112.138698450135138
-112.138698451429462
-112.138698452567525
-112.138698453568296
-112.138698454448487
-112.138698455222709
-112.138698455903821
-112.138698456503121
-112.138698457030515
-112.138698457494698
-112.138698457903331
-112.138698458263136
-112.138698458579981
-112.138698458859068
-112.138698459104958
-112.138698459321631
-112.138698459512597
-112.138698459680981
-112.138698459829456
-112.138698459960423
-112.138698460075986
-112.138698460177977
-112.138698460268031
-112.138698460347555
-112.138698460417800
-112.138698460479873
-112.138698460534769
-112.138698460583299
-112.138698460626244
-112.138698460664244
-112.138698460697896
-112.138698460727696
-112.138698460754128
-112.138698460777547
-112.138698460798324
-112.138698460816755
-112.138698460833126
-112.138698460847664
-112.138698460860596
-112.138698460872106
-112.138698460882324
-112.138698460891447
-112.138698460899562
-112.138698460906795
-112.138698460913261
-112.138698460919016
-112.138698460924161
-112.138698460928765
-112.138698460932872
-112.138698460936553
-112.138698460939864
-112.138698460942820
-112.138698460945463
-112.138698460947850
-112.138698460949982
-112.138698460951929
-112.138698460953634
-112.138698460955197
-112.138698460956604
-112.138698460957869
-112.138698460959006
-112.138698460960043
-112.138698460960967
-112.138698460961805
-112.138698460962587
-112.138698460963269
-112.138698460963894
-112.138698460964463
-112.138698460964974
-112.138698460965443
-112.138698460965870
-112.138698460966253
-112.138698460966609
-112.138698460966921
-112.138698460967220
-112.138698460967476
-112.138698460967731
-112.138698460967944
-112.138698460968143
-112.138698460968342
-112.138698460968499
-112.138698460968669
-112.138698460968797
-112.138698460968925
-112.138698460969053
-112.138698460969152
-112.138698460969266
-112.138698460969351
-112.138698460969437
-112.138698460969508
-112.138698460969579
-112.138698460969650
-112.138698460969707
-112.138698460969763
-112.138698460969820
-112.138698460969863
-112.138698460969906
-112.138698460969948
-112.138698460969977
-112.138698460970005
-112.138698460970048
-112.138698460970076
-112.138698460970105
-112.138698460970119
-112.138698460970147
-112.138698460970161
-112.138698460970190
-112.138698460970204
-112.138698460970232
-112.138698460970247
-112.138698460970247
-112.138698460970261
-112.138698460970275
-112.138698460970289
-112.138698460970303
-112.138698460970303
-112.138699383972266
-112.138699470035206
-112.138699477607190
-112.138699478004796
-112.138699478052473
-112.138699478052885
-112.138699478056537
-112.138699495685202
-112.138699511149838
-112.138699524716287
-112.138699536617722
-112.138699547058650
-112.138699556218427
-112.138699564254409
-112.138699571304599
-112.138699577490030
-112.138699582916885
-112.138699587678289
-112.138699591855925
-112.138699595521473
-112.138699598737759
-112.138699601559921
-112.138699604036319
-112.138699606209400
-112.138699608116340
-112.138699609789796
-112.138699611258417
-112.138699612547299
-112.138699613678497
-112.138699614671339
-112.138699615542762
-112.138699616307690
-112.138699616979125
-112.138699617568534
-112.138699618085980
-112.138699618540258
-112.138699618939114
-112.138699619289312
-112.138699619596821
-112.138699619866856
-112.138699620104006
-112.138699620312281
-112.138699620495231
-112.138699620655927
-112.138699620797084
-112.138699620921116
-112.138699621030085
-112.138699621125852
-112.138699621210009
-112.138699621283962
-112.138699621348991
-112.138699621406147
-112.138699621456396
-112.138699621500592
-112.138699621539445
-112.138699621573636
-112.138699621603706
-112.138699621630181
-112.138699621653473
-112.138699621673965
-112.138699621692012
-112.138699621707900
-112.138699621721898
-112.138699621734233
-112.138699621745090
-112.138699621754654
-112.138699621763095
-112.138699621770542
-112.138699621777093
-112.138699621782891
-112.138699621787993
-112.138699621792512
-112.138699621796505
-112.138699621800015
-112.138699621803127
-112.138699621805870
-112.138699621808300
-112.138699621810460
-112.138699621812364
-112.138699621814055
-112.138699621815547
-112.138699621816855
-112.138699621818034
-112.138699621819072
-112.138699621820010
-112.138699621820820
-112.138699621821559
-112.138699621822198
-112.138699621822767
-112.138699621823292
-112.138699621823733
-112.138699621824145
-112.138699621824514
-112.138699621824827
-112.138699621825111
-112.138699621825381
-112.138699621825609
-112.138699621825822
-112.138699621825992
-112.138699621826177
-112.138699621826319
-112.138699621826447
-112.138699621826575
-112.138699621826675
-112.138699621826774
-112.138699621826859
-112.138699621826930
-112.138699621827016
-112.138699621827072
-112.138699621827129
-112.138699621827186
-112.138699621827229
-112.138699621827271
-112.138699621827300
-112.138699621827342
-112.138699621827371
-112.138699621827399
-112.138699621827428
-112.138699621827442
-112.138699621827470
-112.138699621827499
-112.138699621827513
-112.138699621827527
-112.138699621827541
-112.138699621827556
-112.138699621827570
-112.138699621827584
-112.138699621827584
-112.138699621827584
-112.138699640242507
-112.138699641939326
-112.138699642090700
-112.138699642098814
-112.138699642099908
-112.138699642099866
-112.138699642100917
-112.138699642452778
-112.138699642761480
-112.138699643032282
-112.138699643269860
-112.138699643478304
-112.138699643661184
-112.138699643821639
-112.138699643962411
-112.138699644085932
-112.138699644194304
-112.138699644289403
-112.138699644372849
-112.138699644446078
-112.138699644510339
-112.138699644566728
-112.138699644616210
-112.138699644659638
-112.138699644697766
-112.138699644731219
-112.138699644760578
-112.138699644786357
-112.138699644808980
-112.138699644828847
-112.138699644846284
-112.138699644861603
-112.138699644875032
-112.138699644886827
-112.138699644897187
-112.138699644906296
-112.138699644914283
-112.138699644921303
-112.138699644927470
-112.138699644932885
-112.138699644937645
-112.138699644941823
-112.138699644945504
-112.138699644948730
-112.138699644951558
-112.138699644954059
-112.138699644956247
-112.138699644958180
-112.138699644959885
-112.138699644961363
-112.138699644962671
-112.138699644963822
-112.138699644964845
-112.138699644965740
-112.138699644966522
-112.138699644967218
-112.138699644967829
-112.138699644968369
-112.138699644968838
-112.138699644969250
-112.138699644969606
-112.138699644969932
-112.138699644970231
-112.138699644970472
-112.138699644970686
-112.138699644970899
-112.138699644971069
-112.138699644971211
-112.138699644971354
-112.138699644971467
-112.138699644971581
-112.138699644971666
-112.138699644971751
-112.138699644971823
-112.138699644971894
-112.138699644971950
-112.138699644971993
-112.138699644972036
-112.138699644972078
-112.138699644972121
-112.138699644972149
-112.138699644972178
-112.138699644972206
-112.138699644972220
-112.138699644972249
-112.138699644972263
-112.138699644972277
-112.138699644972291
-112.138699644972306
-112.138699644972320
-112.138699644972320
-112.138699645336743
-112.138699645369925
-112.138699645372995
-112.138699645373066
-112.138699645373151
-112.138699645373222
-112.138699645380569
-112.138699645387007
-112.138699645392649
-112.138699645397608
-112.138699645401971
-112.138699645405779
-112.138699645409133
-112.138699645412075
-112.138699645414661
-112.138699645416921
-112.138699645418910
-112.138699645420658
-112.138699645422193
-112.138699645423529
-112.138699645424708
-112.138699645425746
-112.138699645426655
-112.138699645427451
-112.138699645428147
-112.138699645428773
-112.138699645429313
-112.138699645429796
-112.138699645430208
-112.138699645430577
-112.138699645430904
-112.138699645431174
-112.138699645431430
-112.138699645431657
-112.138699645431842
-112.138699645432013
-112.138699645432155
-112.138699645432283
-112.138699645432411
-112.138699645432510
-112.138699645432595
-112.138699645432666
-112.138699645432737
-112.138699645432794
-112.138699645432851
-112.138699645432894
-112.138699645432936
-112.138699645432965
-112.138699645433007
-112.138699645433036
-112.138699645433064
-112.138699645433078
-112.138699645433093
-112.138699645433121
-112.138699645433135
-112.138699645433135
-112.138699645433164
-112.138699645433164
-112.138699645433164
-112.138699645440425
-112.138699645441193
-112.138699645441136
-112.138699645441292
-112.138699645441505
-112.138699645441690
-112.138699645441847
-112.138699645441989
-112.138699645442117
-112.138699645442230
-112.138699645442316
-112.138699645442415
-112.138699645442486
-112.138699645442543
-112.138699645442600
-112.138699645442642
-112.138699645442699
-112.138699645442728
-112.138699645442756
-112.138699645442799
-112.138699645442813
-112.138699645442841
-112.138699645442856
-112.138699645442870
-112.138699645442898
-112.138699645442912
-112.138699645442927
-112.138699645442927
