-109.843790652171094
-112.123915410803704
-112.124788327597145
-112.131187417208238
-112.131318273869766
-112.131618635770550
-112.131618636820249
-112.131618636874435
-112.092289640982855
-112.137565685920876
-112.138133150836964
-112.138199851226716
-112.138214276742275
-112.138218330791076
-112.138218559726312
-112.138218560036961
-112.138218560038865
-112.138218560038794
-112.138218559536099
-112.138268556123236
-112.138312559257869
-112.138635156462627
-112.138639844782162
-112.138642082319947
-112.138642082320160
-112.138642082320160
-112.138688339079650
-112.138690800180029
-112.138691842412115
-112.138691871103219
-112.138691875580292
-112.138691875676201
-112.138691875676273
-112.138691875679513
-112.138692683966170
-112.138693393993663
-112.138698528965080
-112.138698577468816
-112.138698577817749
-112.138698577817749
-112.138698577817749
-112.138699423069738
-112.138699473695340
-112.138699495762069
-112.138699496224277
-112.138699496299452
-112.138699496301015
-112.138699496300944
-112.138699511908726
-112.138699525608928
-112.138699624057367
-112.138699624537338
-112.138699624537480
-112.138699624537480
-112.138699640976469
-112.138699642030758
-112.138699642494458
-112.138699642503042
-112.138699642504392
-112.138699642504520
-112.138699642504392
-112.138699642812853
-112.138699643083527
-112.138699645023365
-112.138699645029362
-112.138699645029362
-112.138699645353398
-112.138699645374828
-112.138699645384307
-112.138699645384520
-112.138699645384477
-112.138699645384619
-112.138699645390730
-112.138699645396088
-112.138699645434485
-112.138699645434571
-112.138699645434571
-112.138699645440951
-112.138699645441434
-112.138699645441761
