-112.098384879284168
-112.127578177783747
-112.128389778024413
-112.128626982780531
-112.128660143052088
-112.128662846565845
-112.128662874182183
-112.128662874258055
-112.128662874258438
-112.128662874258467
-112.129528229366031
-112.136465123984550
-112.136465554172332
-112.136466031902671
-112.136466322921208
-112.136466959402298
-112.136467276441408
-112.136467839628267
-112.136468073865927
-112.136468363186594
-112.136468457258644
-112.136468522731249
-112.136468545752550
-112.136468552030891
-112.136468569274030
-112.136468596658005
-112.136468623254984
-112.136468681949779
-112.136468716849535
-112.136468792199352
-112.136468829246425
-112.136468893193538
-112.136468919282521
-112.136468950232000
-112.136468960090440
-112.136468966441001
-112.136468968881402
-112.136468969635672
-112.136468971746254
-112.136468975318920
-112.136468978548137
-112.136468985732037
-112.136468989903179
-112.136468998799629
-112.136469003108672
-112.136469010339553
-112.136469013227554
-112.136469016513871
-112.136469017540364
-112.136469018146684
-112.136469018408661
-112.136469018506759
-112.136469018765709
-112.136469019227974
-112.136469019619682
-112.136469020495767
-112.136469020993744
-112.136469022040444
-112.136469022540041
-112.136469023353712
-112.136469023671765
-112.136469024018353
-112.136469024124807
-112.136469024181963
-112.136469024210584
-112.136469024223999
-112.136469024255803
-112.136469024315119
-112.136469024362555
-112.136469024469022
-112.136469024528353
-112.136469024651078
-112.136469024708788
-112.136469024799908
-112.136469024834724
-112.136469024871005
-112.136469024881990
-112.136469024887305
-112.136469024890488
-112.136469024892364
-112.136469024896272
-112.136469024903832
-112.136469024909573
-112.136469024922462
-112.136469024929525
-112.136469024943864
-112.136469024950486
-112.136469024960647
-112.136469024964441
-112.136469024968207
-112.136469024969330
-112.136469024969827
-112.136469024970197
-112.136469024970452
-112.136469024970921
-112.136469024971888
-112.136469024972584
-112.136469024974133
-112.136469024974957
-112.136469024976648
-112.136469024977401
-112.136469024978524
-112.136469024978936
-112.136469024979334
-112.136469024979434
-112.136469024979490
-112.136469024979533
-112.136469024979576
-112.136469024979618
-112.136469024979746
-112.136469024979831
-112.136469024980016
-112.136469024980116
-112.136469024980300
-112.136469024980400
-112.136469024980514
-112.136469024980556
-112.136469024980599
-112.136469024980613
-112.136469024980613
-112.136469024980613
-112.136469024980627
-112.136469024980642
-112.136469024980642
-112.136469024980656
-112.136469024980670
-112.136469024980684
-112.136469024980713
-112.136469024980727
-112.136469024980741
-112.136469024980741
-112.136469024980741
-112.136469024980755
-112.136469024980741
-112.136469024980741
-112.136469024980741
-112.136469024980741
-112.138161782848286
-112.138317502778747
-112.138331300972879
-112.138331816669066
-112.138331892965297
-112.138331893788887
-112.138331893790337
-112.138331893790436
-112.138331893344102
-112.138369625043893
-112.138642208684672
-112.138642215025726
-112.138642221617843
-112.138642230303148
-112.138642238052057
-112.138642246746429
-112.138642253142905
-112.138642258621388
-112.138642261634160
-112.138642263376084
-112.138642264051924
-112.138642264290127
-112.138642264498642
-112.138642264775882
-112.138642265213207
-112.138642265868000
-112.138642266584284
-112.138642267550452
-112.138642268440478
-112.138642269481721
-112.138642270285175
-112.138642271020231
-112.138642271453335
-112.138642271728557
-112.138642271842571
-112.138642271885672
-112.138642271910086
-112.138642271935055
-112.138642271978668
-112.138642272045459
-112.138642272122425
-112.138642272228523
-112.138642272329378
-112.138642272451833
-112.138642272550513
-112.138642272646464
-112.138642272706790
-112.138642272748612
-112.138642272767285
-112.138642272775201
-112.138642272778569
-112.138642272780885
-112.138642272785162
-112.138642272791813
-112.138642272799984
-112.138642272811495
-112.138642272822793
-112.138642272836947
-112.138642272848813
-112.138642272861034
-112.138642272869191
-112.138642272875316
-112.138642272878272
-112.138642272879679
-112.138642272880205
-112.138642272880446
-112.138642272880872
-112.138642272881526
-112.138642272882365
-112.138642272883601
-112.138642272884852
-112.138642272886472
-112.138642272887864
-112.138642272889385
-112.138642272890465
-112.138642272891332
-112.138642272891772
-112.138642272892028
-112.138642272892113
-112.138642272892156
-112.138642272892184
-112.138642272892255
-112.138642272892326
-112.138642272892469
-112.138642272892596
-112.138642272892781
-112.138642272892938
-112.138642272893122
-112.138642272893264
-112.138642272893378
-112.138642272893449
-112.138642272893492
-112.138642272893506
-112.138642272893506
-112.138642272893506
-112.138642272893520
-112.138642272893534
-112.138642272893549
-112.138642272893563
-112.138642272893577
-112.138642272893591
-112.138642272893620
-112.138642272893634
-112.138642272893648
-112.138642272893662
-112.138642272893676
-112.138642272893676
-112.138642272893676
-112.138642272893676
-112.138642272893676
-112.138642272893676
-112.138642272893676
-112.138642272893676
-112.138642272893676
-112.138642272893676
-112.138642272893676
-112.138642272893691
-112.138642272893691
-112.138642272893676
-112.138642272893676
-112.138642272893691
-112.138642272893691
-112.138642272893691
-112.138686790953116
-112.138690979680661
-112.138691343179161
-112.138691361004049
-112.138691363270439
-112.138691363290775
-112.138691363290903
-112.138691363330778
-112.138692233359151
-112.138698455924882
-112.138698456299878
-112.138698460468433
-112.138698460536830
-112.138698460899761
-112.138698460908245
-112.138698460975320
-112.138698460977039
-112.138698460994235
-112.138698460994490
-112.138698460995727
-112.138698460995769
-112.138698460996125
-112.138698460996125
-112.138698460996196
-112.138698460996196
-112.138699384101741
-112.138699470171886
-112.138699477744623
-112.138699478142172
-112.138699478190034
-112.138699478190460
-112.138699478186297
-112.138699495802442
-112.138699621697157
-112.138699621708184
-112.138699621846655
-112.138699621846712
-112.138699621847110
-112.138699621847110
-112.138699640263894
-112.138699641960486
-112.138699642112130
-112.138699642120145
-112.138699642121153
-112.138699642121310
-112.138699642121068
-112.138699642470968
-112.138699644971766
-112.138699644972021
-112.138699644975176
-112.138699644975176
-112.138699645340893
-112.138699645374501
-112.138699645377585
-112.138699645377642
-112.138699645377585
-112.138699645377585
-112.138699645384435
-112.138699645433533
-112.138699645433533
-112.138699645440767
-112.138699645441335
-112.138699645441392
-112.138699645441335
-112.138699645441491
-112.138699645442529
