0.000000000000000
0.000000000000000
0.000000000000000
0.000000000000000
0.000000000000000
0.000000000000000
0.000000000000000
0.000000000000000
0.000000000000000
0.000000000000000
2.9601234569814287E-003
2.7956423005791294E-003
1.3800855331404637E-003
4.3667305919902560E-002
3.0960799492590798E-004
9.3157078824808513E-005
2.7150148523592333E-004
3.7808893117048366E-004
1.0130128036143478E-004
3.6320015619152184E-004
9.3740483839436161E-005
2.7522342637652892E-004
5.7700670606762368E-005
1.6691751392328196E-004
2.9338024508185059E-005
1.0336316393172031E-004
2.1721283923105025E-005
9.7276668300108146E-005
2.5938233122415267E-005
1.1374721231673545E-004
3.2381505846250142E-005
1.1371303610510427E-004
2.9724827391855820E-005
8.6425965023492703E-005
1.8186814118333618E-005
5.2647642090794162E-005
9.2093411960893459E-006
3.2776837598276964E-005
6.8421442375606278E-006
3.1039265344571258E-005
8.2073012470352901E-006
3.6209642358676882E-005
1.0241294221906784E-005
3.5933194623783462E-005
9.3503708089676821E-006
2.7118949586082370E-005
5.6933209163998659E-006
1.6463221494863149E-005
2.8907046597885180E-006
1.0289997095181404E-005
2.1690287296392907E-006
9.8096551273824970E-006
2.6102254006720921E-006
1.1449988710233387E-005
3.2473848195533515E-006
1.1339466227535482E-005
2.9490194377118907E-006
8.5366355365357694E-006
1.7875403171741164E-006
5.1764044737605896E-006
9.0814342578519183E-007
3.2458701148346124E-006
6.8616904737640338E-007
3.1111961559197212E-006
8.2845760898355279E-007
3.6291910971904131E-006
1.0286034824788327E-006
3.5815721425844863E-006
9.2947191514977526E-007
2.6864058210658632E-006
5.6099977876556981E-007
1.6260881241587110E-006
2.8538620545867876E-007
1.0229569649293101E-006
2.1723347938820456E-007
9.8575035407792011E-007
2.6308872612614723E-007
1.1493863327435900E-006
3.2589536887376240E-007
1.1311230935658615E-006
2.9304956879079278E-007
8.4584494516672044E-007
1.7614630006263274E-007
5.1124075361634193E-007
8.9710041019052911E-008
3.2262103616990572E-007
6.8764037737692397E-008
3.1245046375994150E-007
8.3520397774058948E-008
3.6413280073367835E-007
1.0323563367658087E-007
3.5727757691874067E-007
9.2390994086036460E-008
2.6633361176928437E-007
5.5312466265026698E-008
1.6074024172167336E-007
2.8204170387594296E-008
1.0175920681357215E-007
2.1769368819204963E-008
9.9032662815021642E-008
2.6515035634425117E-008
1.1535000622858880E-007
3.2702114310997948E-008
1.1284810725718396E-007
2.9130024003108357E-008
8.3866909670954021E-008
1.7371592210152438E-008
5.0545127838933312E-008
8.8696814680997735E-009
8.8696814680997735E-009
8.8696814680997735E-009
8.8696814680997735E-009
8.8696814680997735E-009
8.8696814680997735E-009
8.8696814680997735E-009
8.8696814680997735E-009
8.8696814680997735E-009
8.8696814680997735E-009
6.1654343655039826E-004
5.7782944281605951E-004
8.5740376006693698E-003
6.0550188055907348E-005
1.7931037665748767E-005
1.5114663777842876E-004
2.1746515858764000E-007
7.4152673402021010E-010
7.4152673402021010E-010
7.4152673402021010E-010
7.4152673402021010E-010
7.4152673402021010E-010
7.4152673402021010E-010
7.4152673402021010E-010
7.4152673402021010E-010
7.4152673402021010E-010
9.3594139303247267E-005
8.7664559776801429E-005
1.2951987153812428E-003
2.0491670654209966E-006
3.5091059211090702E-005
2.0180184236186081E-006
1.7629249489779195E-005
9.1197967493214480E-007
7.1483653303486670E-006
3.7770153496437735E-007
4.5591512510758245E-006
3.6270342761567233E-007
4.3563488646416574E-006
3.1049954937482091E-007
2.4460239053808927E-006
1.1121013721152756E-007
9.6249446951619569E-007
6.2033440447923892E-008
8.2632880338227308E-007
6.6189324248953341E-008
6.8576066568193024E-007
4.3125914393796448E-008
3.2571764547267468E-007
1.4566449555037708E-008
1.4614203303077027E-007
1.0873764155624739E-008
1.4608943062625707E-007
1.1397174917954469E-008
1.0192138081331998E-007
5.4878397798276972E-009
5.4878397798276972E-009
5.4878397798276972E-009
5.4878397798276972E-009
5.4878397798276972E-009
5.4878397798276972E-009
5.4878397798276972E-009
5.4878397798276972E-009
1.3322576862261645E-005
1.2478079930417535E-005
1.8424647142218021E-004
3.2458854905273648E-007
8.2642639235815715E-006
2.9553263431844939E-008
4.2539573879793308E-007
3.9852928998804671E-009
3.9852928998804671E-009
3.9852928998804671E-009
3.9852928998804671E-009
3.9852928998804671E-009
3.9852928998804671E-009
3.9852928998804671E-009
3.9852928998804671E-009
1.8770981928765681E-006
1.7581173853794034E-006
2.5959307980320280E-005
4.8115804166906938E-008
1.2352482814950352E-006
1.5923767717144618E-009
1.5923767717144618E-009
1.5923767717144618E-009
1.5923767717144618E-009
1.5923767717144618E-009
1.5923767717144618E-009
1.5923767717144618E-009
2.6296841516272646E-007
2.4630341453786086E-007
3.6372315494935772E-006
7.1286410599431347E-009
7.1286410599431347E-009
7.1286410599431347E-009
7.1286410599431347E-009
7.1286410599431347E-009
3.7691099967786366E-008
3.5354324146245477E-008
5.2977602452305253E-007
