0.000000000000000
0.000000000000000
0.000000000000000
0.000000000000000
0.000000000000000
0.000000000000000
0.000000000000000
0.000000000000000
0.000000000000000
0.000000000000000
0.000000000000000
2.9601234569814803E-003
4.7722009345988643E-002
1.8492299193778250E-004
2.4884998785841908E-004
1.1123059375520997E-004
2.8658190700851734E-004
1.4099709424534435E-004
3.2859994852100892E-004
1.5933435232789924E-004
3.1212267521207729E-004
1.3534537011807726E-004
2.3300696529226706E-004
8.5995105015692695E-005
1.4704740465232139E-004
4.8760816579599336E-005
9.5808501908548009E-005
3.5515417160995080E-005
8.5728959738381774E-005
3.8957105712143208E-005
9.9869155709981966E-005
4.9363607617531656E-005
1.1319867242423413E-004
5.4574139573733948E-005
1.0525526386883250E-004
4.5026082688095627E-005
7.7053021642234184E-005
2.8024521468870416E-005
4.8271476086285039E-005
1.5981478800363613E-005
3.2018882270360174E-005
1.2101601081692961E-005
2.9638269228285499E-005
1.3632939538830210E-005
3.4819373227353855E-005
1.7239070781286626E-005
3.8954313228020785E-005
1.8637613332814507E-005
3.5426045112411991E-005
1.4941596665783264E-005
2.5430263726929569E-005
9.1235733899634976E-006
1.5836466874210057E-005
5.2517939005492032E-006
1.0726928029333671E-005
4.1407766000989903E-006
1.0264498298357938E-005
4.7781787691274071E-006
1.2130629127789255E-005
6.0142929376530661E-006
1.3378424829816884E-005
6.3489778877948935E-006
1.1899004593086234E-005
4.9465292751299463E-006
8.3844076759792240E-006
2.9683754442210406E-006
5.2003100882975764E-006
1.7307400506216682E-006
3.6065059196196204E-006
1.4214499972214159E-006
3.5616022248529515E-006
1.6754475661966108E-006
4.2236463209210348E-006
2.0947126857740240E-006
4.5863562102937731E-006
2.1570223869583957E-006
3.9885760717339832E-006
1.6338305532835287E-006
2.7609443746565665E-006
9.6535513861202366E-007
1.7088706015282604E-006
5.7220449295651872E-007
1.2166013966219631E-006
4.8956427619245441E-007
1.2376293972528110E-006
5.8778456583416273E-007
1.4693259511294792E-006
7.2834616136071399E-007
1.5692135378392754E-006
7.3088126176679464E-007
1.3343410480511827E-006
5.3847301201270014E-007
9.0826847894580414E-007
3.1390251469840989E-007
5.6218393520546092E-007
1.8983259406580918E-007
4.1183417336664472E-007
1.6910982865685067E-007
4.3059988688686342E-007
2.0624455875268096E-007
5.1065760290811194E-007
2.5277808703003241E-007
5.3584282170064165E-007
2.4698432160070762E-007
4.4552858536165792E-007
1.7710058513525467E-007
2.9852519117954302E-007
1.0208592472403740E-007
1.8519614450548145E-007
6.3210989585190111E-008
1.3989057930990281E-007
5.8574956721733818E-008
1.4995926427437049E-007
7.2366975310530118E-008
1.7727966658887551E-007
8.7554362999295557E-008
1.8260492492591970E-007
8.3238124540820724E-008
1.4848097364664187E-007
5.8134062781314344E-008
9.8045383901591268E-008
3.3215103503309822E-008
6.1108165332665821E-008
2.1129418001941721E-008
4.7678116507580473E-008
2.0338527609796991E-008
5.2261408814405812E-008
2.5385905939962337E-008
6.1468592236407645E-008
3.0261963608800075E-008
6.2100423826936805E-008
2.7977518122519365E-008
4.9394685124730044E-008
1.9048303610321878E-008
3.2182281643376915E-008
1.0815481826311973E-008
2.0202339942931483E-008
7.0909335278670381E-009
7.0909335278670381E-009
7.0909335278670381E-009
7.0909335278670381E-009
7.0909335278670381E-009
7.0909335278670381E-009
7.0909335278670381E-009
7.0909335278670381E-009
7.0909335278670381E-009
7.0909335278670381E-009
7.0909335278670381E-009
0.1767766952966377
6.1654076128235731E-004
9.1838841866872453E-003
2.3643623389597542E-005
1.9994176349019584E-005
2.6690187835934419E-005
2.4504388410409200E-005
3.2116702572504645E-005
2.8329404851213015E-005
3.3140707555854081E-005
2.6040887973982360E-005
2.6548824513124541E-005
1.8300430768353921E-005
1.7121383882298587E-005
1.0943280178243685E-005
1.0492133940103748E-005
7.1438486240663823E-006
8.0658897950461172E-006
6.6336184298207564E-006
8.7339799069343268E-006
7.9787920050473697E-006
1.0602172240690949E-005
9.5038573129383396E-006
1.1437372682070467E-005
9.2398216406817452E-006
9.6757450451777653E-006
6.8394703992645269E-006
6.4672494528442834E-006
4.1642959273210300E-006
3.9258049749928431E-006
2.5982611389011338E-006
2.8139160399235735E-006
2.2265803056345903E-006
2.8713701409649478E-006
2.5958388214654754E-006
3.4806414463093444E-006
3.1588143134223373E-006
3.9037489991591219E-006
3.2381237525403602E-006
3.4887924049220436E-006
2.5333850818008092E-006
2.4315198476750789E-006
1.5855185278585440E-006
1.4794805644978512E-006
9.5956327225785595E-007
9.9892892135808134E-007
7.5817994778739727E-007
9.5104314325340980E-007
8.4587601513069766E-007
1.1384272796947842E-006
1.0416725345119859E-006
1.3186513766637369E-006
1.1208756003270447E-006
1.2437620903227905E-006
9.2883207335403848E-007
9.0839869430181720E-007
6.0244250468580199E-007
5.5989966668813622E-007
3.5881316971106492E-007
3.6065696165376945E-007
2.6247309208049268E-007
3.1824998597115825E-007
2.7674767989898771E-007
3.7167969095274371E-007
3.4137057214733450E-007
4.4126545586437707E-007
3.8339026301354326E-007
4.3826388384537018E-007
3.3676058440648365E-007
3.3672912289150606E-007
2.2793514520736474E-007
2.1219484522223884E-007
1.3541215623536486E-007
1.3220724649501000E-007
9.2503523525089683E-008
1.0789320697211511E-007
9.1152473413194070E-008
1.2138973332559024E-007
1.1137868863665847E-007
1.4645991115146320E-007
1.2967205865763516E-007
1.5263195275420467E-007
1.2065431819476205E-007
1.2369331913545053E-007
8.5707050495204615E-008
8.0338123603084385E-008
5.1404891955515651E-008
4.9080589081274551E-008
3.3194329027952387E-008
3.7144929897401358E-008
3.0308869214557818E-008
3.9752534580674962E-008
3.6251341423862114E-008
4.8284137984794543E-008
4.3411032137669986E-008
5.2549529998299852E-008
4.2699064083846201E-008
4.4980815425920904E-008
3.1974919123020641E-008
3.0320527984064669E-008
1.9568319996068801E-008
1.8397127054311759E-008
1.2115027676331536E-008
1.3006706740218910E-008
1.0202500247596513E-008
1.3086854194328107E-008
1.1795913968395842E-008
1.5836484766600332E-008
1.4402571123814540E-008
1.7894891104980334E-008
1.4924135412242593E-008
1.6180041807621076E-008
1.1818851574550322E-008
1.1385791957147023E-008
7.4487002454108241E-009
7.4487002454108241E-009
7.4487002454108241E-009
7.4487002454108241E-009
7.4487002454108241E-009
7.4487002454108241E-009
7.4487002454108241E-009
7.4487002454108241E-009
7.4487002454108241E-009
7.4487002454108241E-009
0.1767766952966377
9.3594627127881823E-005
1.3829855394504184E-003
2.0430426301167872E-006
4.2518938297092640E-005
1.1819501855070764E-006
1.4836480270511891E-005
2.9315227760599231E-007
4.3263901769642917E-006
1.4851478157602725E-007
2.9057753226179201E-006
7.0127623737001329E-008
8.2807702448916475E-007
1.9198301877551224E-008
3.2796717499832924E-007
1.0997779576026481E-008
1.8782648400232726E-007
4.2514517786483851E-009
4.2514517786483851E-009
4.2514517786483851E-009
4.2514517786483851E-009
4.2514517786483851E-009
4.2514517786483851E-009
4.2514517786483851E-009
4.2514517786483851E-009
4.2514517786483851E-009
0.1767766952966376
1.3317575633606289E-005
1.9663299945656617E-004
3.3645453578595336E-007
8.5964242880321055E-006
2.4402906822373929E-008
3.5656724146351604E-007
2.6292291545038840E-009
2.6292291545038840E-009
2.6292291545038840E-009
2.6292291545038840E-009
2.6292291545038840E-009
2.6292291545038840E-009
2.6292291545038840E-009
2.6292291545038840E-009
2.6292291545038840E-009
0.1767766952966379
1.8769001995975156E-006
2.7712322223021419E-005
5.0684903681134787E-008
1.3007708480493653E-006
1.7621830277801639E-009
1.7621830277801639E-009
1.7621830277801639E-009
1.7621830277801639E-009
1.7621830277801639E-009
1.7621830277801639E-009
1.7621830277801639E-009
1.7621830277801639E-009
0.1767766952966381
2.6295292840730992E-007
3.8828711081617303E-006
7.4560059067605497E-009
7.4560059067605497E-009
7.4560059067605497E-009
7.4560059067605497E-009
7.4560059067605497E-009
7.4560059067605497E-009
0.1767766952966381
3.7753471502571755E-008
5.6581523761505259E-007
3.7208176669166840E-009
