0.000000000000000
0.1767766952966369
2.9688126440248035E-003
4.1734361568053109E-002
2.7675321125676675E-003
1.1532080286903135E-002
2.4003379435235575E-005
4.3533478066204130E-006
7.0991765233982475E-009
7.0991765233982475E-009
7.0991765233982475E-009
7.0991765233982475E-009
7.0991765233982475E-009
7.0991765233982475E-009
7.0991765233982475E-009
7.0991765233982475E-009
7.0991765233982475E-009
7.0991765233982475E-009
7.0991765233982475E-009
7.0958900310345223E-004
6.6571193371196076E-004
9.9446172702932680E-003
9.2219061042090082E-004
1.0749907513606034E-003
2.5955009978638825E-007
4.2579360438149727E-010
4.2579360438149727E-010
4.2579360438149727E-010
4.2579360438149727E-010
4.2579360438149727E-010
4.2579360438149727E-010
4.2579360438149727E-010
4.2579360438149727E-010
4.2579360438149727E-010
9.0216772759610836E-005
8.4556344722540032E-005
1.2562989151328760E-003
1.6046331568618155E-004
1.0411694526560570E-005
2.5819267628814932E-009
2.0252037865004551E-014
2.0252037865004551E-014
2.0252037865004551E-014
2.0252037865004551E-014
2.0252037865004551E-014
2.0252037865004551E-014
2.0252037865004551E-014
2.0252037865004551E-014
1.2535879350106441E-005
1.1744907952707845E-005
1.7392885162301086E-004
1.6065307406654049E-005
2.0935017161137733E-007
7.4305335391341004E-012
7.4305335391341004E-012
7.4305335391341004E-012
7.4305335391341004E-012
7.4305335391341004E-012
7.4305335391341004E-012
7.4305335391341004E-012
7.4305335391341004E-012
1.7622849688075307E-006
1.6508328054606979E-006
2.4411044734155427E-005
1.7936204371452295E-006
4.2173323233962683E-009
4.2173323233962683E-009
4.2173323233962683E-009
4.2173323233962683E-009
4.2173323233962683E-009
4.2173323233962683E-009
4.2173323233962683E-009
2.4807323534271547E-007
2.3236877683273452E-007
3.4338414690334743E-006
2.1993484366057559E-007
8.4428372391033611E-011
8.4428372391033611E-011
8.4428372391033611E-011
8.4428372391033611E-011
