-112.098384879284168
-112.127578177783832
-112.128389778024470
-112.128626982780730
-112.128660143052159
-112.128662846565859
-112.128662874182268
-112.128662874258055
-112.128662874258367
-112.128662874258467
-112.129528229366031
-112.130300294601057
-112.130665119344727
-112.136465651089168
-112.136466168826757
-112.136466478688106
-112.136467259054939
-112.136467942483335
-112.136468112936996
-112.136468494850931
-112.136468576056373
-112.136468676341991
-112.136468699112527
-112.136468711526803
-112.136468725953137
-112.136468757244501
-112.136468774571327
-112.136468834598858
-112.136468854285724
-112.136468917804621
-112.136468934852289
-112.136468972241985
-112.136468980298829
-112.136468990096887
-112.136468992358900
-112.136468993585609
-112.136468995037049
-112.136468998225681
-112.136468999964023
-112.136469006049666
-112.136469008017372
-112.136469014386023
-112.136469016077555
-112.136469019767191
-112.136469020556916
-112.136469021504226
-112.136469021725674
-112.136469021846011
-112.136469021991203
-112.136469022314131
-112.136469022488512
-112.136469023097916
-112.136469023295135
-112.136469023929251
-112.136469024097792
-112.136469024462684
-112.136469024540716
-112.136469024633399
-112.136469024655284
-112.136469024667235
-112.136469024681801
-112.136469024714557
-112.136469024732051
-112.136469024793328
-112.136469024813081
-112.136469024876405
-112.136469024893188
-112.136469024929298
-112.136469024937000
-112.136469024946052
-112.136469024948212
-112.136469024949406
-112.136469024950856
-112.136469024954181
-112.136469024955943
-112.136469024962096
-112.136469024964072
-112.136469024970395
-112.136469024972072
-112.136469024975639
-112.136469024976407
-112.136469024977288
-112.136469024977501
-112.136469024977629
-112.136469024977771
-112.136469024978112
-112.136469024978283
-112.136469024978894
-112.136469024979093
-112.136469024979732
-112.136469024979903
-112.136469024980244
-112.136469024980329
-112.136469024980414
-112.136469024980428
-112.136469024980443
-112.136469024980457
-112.136469024980499
-112.136469024980514
-112.136469024980570
-112.136469024980599
-112.136469024980656
-112.136469024980670
-112.136469024980713
-112.136469024980713
-112.136469024980727
-112.136469024980727
-112.136469024980727
-112.136469024980727
-112.138161779407724
-112.138317498608330
-112.138331296778858
-112.138331812475172
-112.138331888771248
-112.138331889594923
-112.138331889596373
-112.138331889596387
-112.138331890142283
-112.138369622169179
-112.138402764923697
-112.138642204384269
-112.138642219577576
-112.138642230147468
-112.138642272257258
-112.138642272257414
-112.138642272257414
-112.138686790965124
-112.138690979813461
-112.138691343316196
-112.138691361141312
-112.138691363407588
-112.138691363428109
-112.138691363428208
-112.138691363432798
-112.138692233452119
-112.138692996725041
-112.138698456319020
-112.138698456668322
-112.138698460090396
-112.138698460219572
-112.138698460729941
-112.138698460758576
-112.138698460843202
-112.138698460855196
-112.138698460943431
-112.138698460950479
-112.138698460998185
-112.138698461000828
-112.138698461009042
-112.138698461009668
-112.138698461012183
-112.138698461012495
-112.138698461015068
-112.138698461015238
-112.138698461016219
-112.138698461016261
-112.138698461016403
-112.138698461016418
-112.138698461016503
-112.138698461016517
-112.138698461016588
-112.138698461016588
-112.138698461016602
-112.138698461016602
-112.138699383976899
-112.138699470035775
-112.138699477607403
-112.138699478004924
-112.138699478052899
-112.138699478053312
-112.138699478058314
-112.138699495687717
-112.138699511152907
-112.138699621688431
-112.138699621698677
-112.138699621827072
-112.138699621827143
-112.138699621827683
-112.138699621827683
-112.138699640262089
-112.138699641960045
-112.138699642111760
-112.138699642119860
-112.138699642120869
-112.138699642120812
-112.138699642120727
-112.138699642470712
-112.138699642777723
-112.138699644972135
-112.138699644972363
-112.138699644975219
-112.138699644975219
-112.138699645341021
-112.138699645374572
-112.138699645377571
-112.138699645377713
-112.138699645377770
-112.138699645377685
-112.138699645384548
-112.138699645390574
-112.138699645433661
-112.138699645433661
-112.138699645440695
-112.138699645441463
-112.138699645441577
-112.138699645441605
-112.138699645441733
-112.138699645441861
-112.138699645442770
