0.000000000000000
0.000000000000000
0.000000000000000
0.000000000000000
0.000000000000000
0.000000000000000
0.000000000000000
0.000000000000000
0.000000000000000
0.000000000000000
2.9601234569814933E-003
2.7956423005791879E-003
2.6391715234674439E-003
2.4905254157947801E-003
2.3494825016876857E-003
2.2157947288857895E-003
2.0891951803863737E-003
1.9694044809857709E-003
1.8561360655206997E-003
1.7491004647606225E-003
1.6480087513811275E-003
1.5525752737650304E-003
1.4625197905555902E-003
1.3775691046127839E-003
1.2974582816980287E-003
1.2219315270715664E-003
1.1507427823099830E-003
1.0836560950509104E-003
1.0204458059890151E-003
9.6089659019799848E-004
9.0480338363003023E-004
8.5197122034161819E-004
8.0221500149747034E-004
7.5535921341573565E-004
7.1123760872998339E-004
6.6969286208889436E-004
6.3057620959218387E-004
5.9374707932585019E-004
5.5907271883832402E-004
5.2642782414446751E-004
4.9569417381677280E-004
4.6676027088082573E-004
4.3952099454581907E-004
4.1387726324514361E-004
3.8973571001210997E-004
3.6700837085703870E-004
3.4561238652157887E-004
3.2546971776163821E-004
3.0650687413009725E-004
2.8865465609303017E-004
2.7184791020749789E-004
2.5602529701099951E-004
2.4112907121388616E-004
2.2710487374859919E-004
2.1390153520047133E-004
2.0147089013193559E-004
1.8976760180574790E-004
1.7874899681135915E-004
1.6837490910684441E-004
1.5860753299577594E-004
1.4941128457499284E-004
1.4075267119949831E-004
1.3260016853126923E-004
1.2492410475384023E-004
1.1769655155370461E-004
1.1089122148669233E-004
1.0448337136724937E-004
9.8449711335650233E-005
9.2768319275351359E-005
8.7418560271578720E-005
8.2381010817149974E-005
7.7637387488373489E-005
7.3170479829782426E-005
6.8964087199488243E-005
6.5002959343035308E-005
6.1272740475523365E-005
5.7759916664638605E-005
5.4451766320078748E-005
5.1336313605745401E-005
4.8402284600461946E-005
4.5639066046249288E-005
4.3036666529924542E-005
4.0585679954002539E-005
3.8277251161242201E-005
3.6103043585950295E-005
3.4055208811129695E-005
3.2126357919298302E-005
3.0309534530330901E-005
2.8598189427343507E-005
2.6986156675264680E-005
2.5467631145669916E-005
2.4037147363073716E-005
2.2689559595764288E-005
2.1420023117051955E-005
2.0223976568438430E-005
1.9097125358844094E-005
1.8035426039746341E-005
1.7035071597994574E-005
1.6092477612418518E-005
1.5204269223871519E-005
1.4367268869578048E-005
1.3578484738423113E-005
1.2835099903111633E-005
1.2134462090911329E-005
1.1474074054223083E-005
1.0851584506228662E-005
1.0264779588507800E-005
9.7115748392135465E-006
9.1900076324251316E-006
8.6982300606928579E-006
8.2345022351502368E-006
7.7971859787184028E-006
7.3847388889882971E-006
6.9957087486279832E-006
6.6287282645835860E-006
6.2825101142147259E-006
5.9558422827532720E-006
5.6475836733258158E-006
5.3566599742049368E-006
5.0820597678209014E-006
4.8228308676246504E-006
4.5780768690685200E-006
4.3469539024685489E-006
4.1286675748382487E-006
3.9224700911197223E-006
3.7276575426956794E-006
3.5435673542945818E-006
3.3695758793461203E-006
3.2050961354479691E-006
3.0495756709109509E-006
2.9024945560423164E-006
2.7633634898079929E-006
2.6317220168610695E-006
2.5071368475412867E-006
2.3892002744825334E-006
2.2775286813924947E-006
2.1717611366797754E-006
2.0715580685460632E-006
1.9766000167037759E-006
1.8865864544949341E-006
1.8012346798304721E-006
1.7202787686586445E-006
1.6434685891984959E-006
1.5705688719913274E-006
1.5013583332897942E-006
1.4356288490139451E-006
1.3731846751207833E-006
1.3138417136794962E-006
1.2574268201712045E-006
1.2037771508952185E-006
1.1527395478517249E-006
1.1041699589314207E-006
1.0579328916175051E-006
1.0139008983708150E-006
9.7195409150861150E-007
9.3197968683131841E-007
8.9387157325905352E-007
8.5752990807841832E-007
8.2286073590303809E-007
7.8977563001606403E-007
7.5819135473602756E-007
7.2802954857544622E-007
6.9921642531659284E-007
6.7168249394344402E-007
6.4536229474216912E-007
6.2019415189470774E-007
5.9611994067617519E-007
5.7308486912104104E-007
5.5103727308124994E-007
5.2992842367605890E-007
5.0971234691305362E-007
4.9034565420771959E-007
4.7178738382334287E-007
4.5399885186429932E-007
4.3694351274751227E-007
4.2058682861790881E-007
4.0489614668823246E-007
3.8984058445980443E-007
3.7539092250107625E-007
3.6151950353724544E-007
3.4820013828948572E-007
3.3540801726753416E-007
3.2311962817093583E-007
3.1131267847903676E-007
2.9996602316261183E-007
2.8905959680139692E-007
2.7857435023564254E-007
2.6849219119299270E-007
2.5879592860745033E-007
2.4946922063222057E-007
2.4049652589854008E-007
2.3186305789551768E-007
2.2355474213607561E-007
2.1555817617942186E-007
2.0786059215056380E-007
2.0044982142299278E-007
1.9331426189869844E-007
1.8644284691574079E-007
1.7982501626834654E-007
1.7345068920301640E-007
1.6731023863498928E-007
1.6139446748621065E-007
1.5569458587839436E-007
1.5020219031569134E-007
1.4490924359917988E-007
1.3980805625189158E-007
1.3489126896370491E-007
1.3015183595668591E-007
1.2558300972554539E-007
1.2117832595899055E-007
1.1693159008431440E-007
1.1283686411155317E-007
1.0888845435750135E-007
1.0508089988657130E-007
1.0140896162074194E-007
9.7867611904249326E-008
9.4452024881427844E-008
9.1157567125060860E-008
8.7979789030695137E-008
8.4914416439490908E-008
8.1957342939765764E-008
7.9104622388771061E-008
7.6352461843023317E-008
7.3697214904577094E-008
7.1135375499807651E-008
6.8663571686832948E-008
6.6278560131205390E-008
6.3977220589140341E-008
6.1756550816000490E-008
5.9613661570199533E-008
5.7545772004873250E-008
5.5550205181742017E-008
5.3624383861595208E-008
5.1765826483681402E-008
4.9972143306038127E-008
4.8241032799866505E-008
4.6570277882036013E-008
4.4957742815161012E-008
4.3401370133764679E-008
4.1899177234992255E-008
4.0449253651356040E-008
3.9049758308955173E-008
3.7698916732180830E-008
3.6395018525723302E-008
3.5136415032814666E-008
3.3921516864951845E-008
3.2748791599815821E-008
3.1616761804672841E-008
3.0524002998892299E-008
2.9469141373659535E-008
2.8450852269329270E-008
2.7467858022136395E-008
2.6518926492066877E-008
2.5602869209215631E-008
2.4718539850011386E-008
2.3864832688338908E-008
2.3040681037403485E-008
2.2245055992549369E-008
2.1476964786040381E-008
2.0735449683884496E-008
2.0019586727469906E-008
1.9328484310221077E-008
1.8661282233172015E-008
1.8017150539760519E-008
1.7395288291616295E-008
1.6794922659522260E-008
1.6215307844804352E-008
1.5655724127622090E-008
1.5115476997783702E-008
1.4593896280284441E-008
1.4090334960169693E-008
1.3604168836933909E-008
1.3134795351563815E-008
1.2681633005342468E-008
1.2244120581331740E-008
1.1821716277275256E-008
1.1413897303793635E-008
1.1020158968659217E-008
1.0640014108142739E-008
1.0272992503540976E-008
9.9186403918584241E-009
9.9186403918584241E-009
9.9186403918584241E-009
9.9186403918584241E-009
9.9186403918584241E-009
9.9186403918584241E-009
9.9186403918584241E-009
9.9186403918584241E-009
9.9186403918584241E-009
0.1767766952966369
6.1654146550158006E-004
5.7782758420325939E-004
5.4154534482536536E-004
5.0754262212944143E-004
4.7567662174492097E-004
4.4581335068507314E-004
4.1782710884999793E-004
3.9160000265949505E-004
3.6702148141597288E-004
3.4398789657593358E-004
3.2240208378332474E-004
3.0217296727645882E-004
2.8321518609492188E-004
2.6544874138690201E-004
2.4879866402274705E-004
2.3319470166405400E-004
2.1857102440302380E-004
2.0486594807090947E-004
1.9202167431602417E-004
1.7998404656148823E-004
1.6870232097240267E-004
1.5812895159017802E-004
1.4821938881844787E-004
1.3893189047998580E-004
1.3022734469871701E-004
1.2206910389539953E-004
1.1442282922205269E-004
1.0725634479629238E-004
1.0053950113035564E-004
9.4244047184071281E-005
8.8343510504757300E-005
8.2813084946171552E-005
7.7629525492634553E-005
7.2771049738307940E-005
6.8217245602317415E-005
6.3948984886500647E-005
5.9948342304141666E-005
5.6198519633487335E-005
5.2683774671266713E-005
4.9389354680971534E-005
4.6301434051178351E-005
4.3407055895417939E-005
4.0694077344581823E-005
3.8151118296643065E-005
3.5767513403624225E-005
3.3533267091994889E-005
3.1439011422202297E-005
2.9475966607804962E-005
2.7635904026371034E-005
2.5911111562730784E-005
2.4294361137908062E-005
2.2778878284997835E-005
2.1358313641635190E-005
2.0026716239364145E-005
1.8778508474313112E-005
1.7608462654531437E-005
1.6511679023115609E-005
1.5483565164851812E-005
1.4519816708020549E-005
1.3616399240748551E-005
1.2769531363633299E-005
1.1975668809383634E-005
1.1231489559271683E-005
1.0533879896066634E-005
9.8799213330849297E-006
9.2668783643308079E-006
8.6921869844383452E-006
8.1534439296673605E-006
7.6483965941882662E-006
7.1749335803283963E-006
6.7310758412726969E-006
6.3149683805042131E-006
5.9248724717120477E-006
5.5591583675739973E-006
5.2162984656604326E-006
4.8948609031806167E-006
4.5935035544319996E-006
4.3109684035867979E-006
4.0460762716397243E-006
3.7977218732929685E-006
3.5648691847458006E-006
3.3465471013916724E-006
3.1418453680293416E-006
2.9499107645172347E-006
2.7699435303350931E-006
2.6011940139347508E-006
2.4429595313792294E-006
2.2945814227086220E-006
2.1554422925281007E-006
2.0249634237295076E-006
1.9026023534011139E-006
1.7878506007583306E-006
1.6802315374343153E-006
1.5792983914388891E-006
1.4846323761665702E-006
1.3958409370218217E-006
1.3125561074849156E-006
1.2344329687834105E-006
1.1611482058472877E-006
1.0923987539722584E-006
1.0279005303077702E-006
9.6738724495883530E-007
9.1060928662041270E-007
8.5733267812004436E-007
8.0733809739952014E-007
7.6041996015060589E-007
7.1638555993002911E-007
6.7505426190029364E-007
6.3625674773548724E-007
5.9983430720931920E-007
5.6563817523631332E-007
5.3352890938628429E-007
5.0337580711861461E-007
4.7505635958932830E-007
4.4845573947697726E-007
4.2346632107890214E-007
3.9998723058594773E-007
3.7792392427494131E-007
3.5718779347366228E-007
3.3769579405767643E-007
3.1937009925320448E-007
3.0213777423821134E-007
2.8593047086196696E-007
2.7068414166348623E-007
2.5633877187421230E-007
2.4283812759913627E-007
2.3012952041837113E-007
2.1816358619503540E-007
2.0689407744126834E-007
1.9627766945156252E-007
1.8627377745455497E-007
1.7684438558905732E-007
1.6795388647760647E-007
1.5956893073592692E-007
1.5165828542592210E-007
1.4419270159829669E-007
1.3714478997267073E-007
1.3048890381914811E-007
1.2420102965446029E-007
1.1825868421003305E-007
1.1264081782814593E-007
1.0732772384310166E-007
1.0230095345069715E-007
9.7543235842122877E-008
9.3038403222692144E-008
8.8771320331480233E-008
8.4727818587172547E-008
8.0894633865864438E-008
7.7259348545359313E-008
7.3810336784239786E-008
7.0536713542171823E-008
6.7428286395515475E-008
6.4475510593256646E-008
6.1669447029075188E-008
5.9001722563346815E-008
5.6464493064442740E-008
5.4050408800722965E-008
5.1752581874362289E-008
4.9564555944401695E-008
4.7480277746092214E-008
4.5494070612999345E-008
4.3600609453392787E-008
4.1794897710546255E-008
4.0072245554304580E-008
3.8428249676702180E-008
3.6858774221220925E-008
3.5359933348269265E-008
3.3928074581069500E-008
3.2559763476561921E-008
3.1251769200073308E-008
3.0001051365443952E-008
2.8804747340397294E-008
2.7660160692002127E-008
2.6564750453668437E-008
2.5516120894439016E-008
2.4512012202301139E-008
2.3550291765200872E-008
2.2628945891060654E-008
2.1746072313759392E-008
2.0899873093109304E-008
2.0088648077472627E-008
1.9310788599614043E-008
1.8564771986402750E-008
1.7849156062454667E-008
1.7162574306414595E-008
1.6503731156582815E-008
1.5871397710901664E-008
1.5264407713405848E-008
1.4681653934174227E-008
1.4122084445060832E-008
1.3584699563225708E-008
1.3068548724966411E-008
1.2572727645014296E-008
1.2096375789131405E-008
1.1638673590724069E-008
1.1198840586985695E-008
1.0776132880468192E-008
1.0369841301370791E-008
9.9792894202391616E-009
9.9792894202391616E-009
9.9792894202391616E-009
9.9792894202391616E-009
9.9792894202391616E-009
9.9792894202391616E-009
9.9792894202391616E-009
9.9792894202391616E-009
0.1767766952966385
9.3595391529498493E-005
8.7665756190159408E-005
8.2112368259864798E-005
7.6911325000971403E-005
7.2040244963905912E-005
6.7478170897713942E-005
6.3205478877003917E-005
5.9203793247223714E-005
5.5455907015950502E-005
5.1945707339277020E-005
4.8658105776848307E-005
4.5578973009262418E-005
4.2695077730566501E-005
3.9994029448422816E-005
3.7464224940034189E-005
3.5094798130086286E-005
3.2875573169668472E-005
3.0797020512165144E-005
2.8850215792315057E-005
2.7026801329834118E-005
2.5318950088990907E-005
2.3719331936247455E-005
2.2221082049303207E-005
2.0817771339473163E-005
1.9503378758996053E-005
1.8272265371847297E-005
1.7119150076294873E-005
1.6039086872563661E-005
1.5027443577964599E-005
1.4079881896161705E-005
1.3192338754239857E-005
1.2361008827731132E-005
1.1582328175867365E-005
1.0852958918189925E-005
1.0169774884559637E-005
9.5298481782901129E-006
8.9304365919704409E-006
8.3689718236138581E-006
7.8430484413679189E-006
7.3504135491204420E-006
6.8889571081395964E-006
6.4567028741609663E-006
6.0517999090939823E-006
5.6725146320674306E-006
5.3172233750938109E-006
4.9844054113687782E-006
4.6726364256813671E-006
4.3805823997824520E-006
4.1069938853308049E-006
3.8507006405668675E-006
3.6106066072064826E-006
3.3856852058756009E-006
3.1749749304682983E-006
2.9775752214614605E-006
2.7926426013152606E-006
2.6193870550963094E-006
2.4570686406257120E-006
2.3049943133035461E-006
2.1625149527918099E-006
2.0290225782944739E-006
1.9039477398440888E-006
1.7867570759628594E-006
1.6769510252017795E-006
1.5740616838423877E-006
1.4776507985223380E-006
1.3873078869901462E-006
1.3026484774142885E-006
1.2233124596192774E-006
1.1489625409948148E-006
1.0792828001791314E-006
1.0139773323736047E-006
9.5276898097183312E-007
8.9539814934642482E-007
8.4162168775019751E-007
7.9121185153383049E-007
7.4395532471038920E-007
6.9965230608571152E-007
6.5811565298131734E-007
6.1917007935809178E-007
5.8265140488330253E-007
5.4840585161253490E-007
5.1628938560012164E-007
4.8616709946159810E-007
4.5791263538090021E-007
4.3140764346643849E-007
4.0654127540814071E-007
3.8320970963923174E-007
3.6131570749349558E-007
3.4076819636342157E-007
3.2148188024467185E-007
3.0337687470412292E-007
2.8637836472720007E-007
2.7041628494651895E-007
2.5542501936789700E-007
2.4134312050966598E-007
2.2811304657172289E-007
2.1568091462453734E-007
2.0399627001643236E-007
1.9301187027010966E-007
1.8268348197342897E-007
1.7296969152777507E-007
1.6383172687976809E-007
1.5523329114073878E-007
1.4714040645692430E-007
1.3952126745791140E-007
1.3234610415543446E-007
1.2558705345835148E-007
1.1921803859771598E-007
1.1321465596449104E-007
1.0755406935726020E-007
1.0221491052564919E-007
9.7177185947175475E-008
9.2422189489075040E-008
8.7932420460278482E-008
8.3691506657973937E-008
7.9684132306985257E-008
7.5895970366559878E-008
7.2313619164740579E-008
6.8924542795530667E-008
6.5717015418775902E-008
6.2680068709237387E-008
5.9803442968979710E-008
5.7077541018656674E-008
5.4493384997985032E-008
5.2042576035012446E-008
4.9717256207645161E-008
4.7510073186562792E-008
4.5414146797899781E-008
4.3423038048718883E-008
4.1530719860962625E-008
3.9731549811335710E-008
3.8020244552576598E-008
3.6391856063099408E-008
3.4841749190713979E-008
3.3365580814828266E-008
3.1959280429005590E-008
3.0619031876639460E-008
2.9341256324149441E-008
2.8122596375519057E-008
2.6959901410100613E-008
2.5850213606300441E-008
2.4790755209693324E-008
2.3778916360944029E-008
2.2812244047810564E-008
2.1888431646534156E-008
2.1005309198635133E-008
2.0160834390779174E-008
1.9353084128018732E-008
1.8580246670935079E-008
1.7840614406967822E-008
1.7132576938986420E-008
1.6454614932846103E-008
1.5805294118750250E-008
1.5183259882996875E-008
1.4587232135100603E-008
1.4016000576600964E-008
1.3468420401180265E-008
1.2943407904752406E-008
1.2439937066450013E-008
1.1957035700214712E-008
1.1493782198206469E-008
1.1049302542508162E-008
1.0622767310285950E-008
1.0213389087932992E-008
9.8204200092000164E-009
9.8204200092000164E-009
9.8204200092000164E-009
9.8204200092000164E-009
9.8204200092000164E-009
9.8204200092000164E-009
9.8204200092000164E-009
0.1767766952966395
1.3322301770475235E-005
1.2477850806453643E-005
1.1687008164549738E-005
1.0946369174864562E-005
1.0252745482428034E-005
9.6031512946168657E-006
8.9947905033947671E-006
8.4250446280715560E-006
7.8914615240743182E-006
7.3917448119846325E-006
6.9237439768987584E-006
6.4854450996128436E-006
6.0749621761011208E-006
5.6905289896800218E-006
5.3304914995739807E-006
4.9933007140954419E-006
4.6775060161106355E-006
4.3817489135867014E-006
4.1047571871063787E-006
3.8453394091873836E-006
3.6023798123230660E-006
3.3748334828152383E-006
3.1617218604361117E-006
2.9621285237465725E-006
2.7751952434311689E-006
2.6001182861013233E-006
2.4361449533527094E-006
2.2825703405295768E-006
2.1387343013233694E-006
2.0040186050629335E-006
1.8778442751723715E-006
1.7596690960156125E-006
1.6489852786341253E-006
1.5453172741761526E-006
1.4482197269789564E-006
1.3572755570895200E-006
1.2720941645608678E-006
1.1923097480324835E-006
1.1175797301643833E-006
1.0475832828784412E-006
9.8201994618041782E-007
9.2060833513513265E-007
8.6308492795938965E-007
8.0920293286173041E-007
7.5873122457259333E-007
7.1145335027116898E-007
6.6716659801476188E-007
6.2568112392877917E-007
5.8681913505224467E-007
5.5041412456653496E-007
5.1631015499159069E-007
4.8436118711091292E-007
4.5443045156151203E-007
4.2638986005792998E-007
4.0011945447631849E-007
3.7550689057872584E-007
3.5244695440979324E-007
3.3084110999755352E-007
3.1059707502112889E-007
2.9162842400037891E-007
2.7385421634102354E-007
2.5719864836024239E-007
2.4159072669958687E-007
2.2696396356833536E-007
2.1325609044569137E-007
2.0040879014828287E-007
1.8836744645349843E-007
1.7708090881784587E-007
1.6650127249822470E-007
1.5658367298544607E-007
1.4728609253401944E-007
1.3856918003736463E-007
1.3039608158833720E-007
1.2273228215342033E-007
1.1554545735096711E-007
1.0880533451509332E-007
1.0248356254055282E-007
9.6553590171112170E-008
9.0990551944736077E-008
8.5771161362684853E-008
8.0873610969162527E-008
7.6277478527592221E-008
7.1963639460872833E-008
6.7914184682683556E-008
6.4112343641272483E-008
6.0542412468996650E-008
5.7189686256780675E-008
5.4040396129504012E-008
5.1081649948878565E-008
4.8301376987804130E-008
4.5688275964378215E-008
4.3231766423610122E-008
4.0921943276272335E-008
3.8749534079403479E-008
3.6705859062666379E-008
3.4782793612349868E-008
3.2972733388430937E-008
3.1268561178284166E-008
2.9663616281294027E-008
2.8151665489901621E-008
2.6726876117350100E-008
2.5383790434841767E-008
2.4117302053544166E-008
2.2922633520486964E-008
2.1795315425804126E-008
2.0731166617689058E-008
1.9726276052270462E-008
1.8776985362623892E-008
1.7879872648084811E-008
1.7031737436717590E-008
1.6229586214357275E-008
1.5470619319965737E-008
1.4752218275526471E-008
1.4071933988434449E-008
1.3427475859119362E-008
1.2816701364303068E-008
1.2237606546433432E-008
1.1688316690490877E-008
1.1167077974657760E-008
1.0672249594454531E-008
1.0202296115398034E-008
9.7557806089912921E-009
9.7557806089912921E-009
9.7557806089912921E-009
9.7557806089912921E-009
9.7557806089912921E-009
9.7557806089912921E-009
9.7557806089912921E-009
0.1767766952966402
1.8821549669727115E-006
1.7628956808055913E-006
1.6512071625951748E-006
1.5466086438176338E-006
1.4486498892931816E-006
1.3569092576610181E-006
1.2709918855453182E-006
1.1905279863238878E-006
1.1151712578066032E-006
1.0445973904239415E-006
9.7850267054313042E-007
9.1660267210477807E-007
8.5863103200631775E-007
8.0433830268156516E-007
7.5349087788772506E-007
7.0586998640525683E-007
6.6127075027767298E-007
6.1950130195962916E-007
5.8038195845899124E-007
5.4374444723455323E-007
5.0943118178559074E-007
4.7729458270480977E-007
4.4719644239719306E-007
4.1900732980526648E-007
3.9260603297965747E-007
3.6787903714292689E-007
3.4472003607469148E-007
3.2302947382203165E-007
3.0271411659027295E-007
2.8368665076660563E-007
2.6586530740877689E-007
2.4917350962125862E-007
2.3353954303860387E-007
2.1889624741925513E-007
2.0518072675024845E-007
1.9233407890061233E-007
1.8030114178266220E-007
1.6903025595163296E-007
1.5847304219338110E-007
1.4858419302746323E-007
1.3932127765528582E-007
1.3064455969971741E-007
1.2251682547661550E-007
1.1490322415575054E-007
1.0777111762464766E-007
1.0108994002369372E-007
9.4831065980114696E-008
8.8967687590238216E-008
8.3474698935604722E-008
7.8328587910450327E-008
7.3507335020472530E-008
6.8990318662081371E-008
6.4758226528630009E-008
6.0792972019747420E-008
5.7077616888147662E-008
5.3596297891081927E-008
5.0334158874988565E-008
4.7277286800644796E-008
4.4412651465416037E-008
4.1728049964305546E-008
3.9212054058827832E-008
3.6853960620110704E-008
3.4643746030777327E-008
3.2572022707445083E-008
3.0629999252630310E-008
2.8809442034431524E-008
2.7102640078130854E-008
2.5502371938696393E-008
2.4001874549669714E-008
2.2594814056128455E-008
2.1275258891191263E-008
2.0037654023161629E-008
1.8876797001962101E-008
1.7787816002459229E-008
1.6766148462685544E-008
1.5807521620167525E-008
1.4907934349463095E-008
1.4063639692220901E-008
1.3271128871802439E-008
1.2527116188565395E-008
1.1828525060847324E-008
1.1172474507467454E-008
1.0556267026567975E-008
9.9773770103582402E-009
9.9773770103582402E-009
9.9773770103582402E-009
9.9773770103582402E-009
9.9773770103582402E-009
9.9773770103582402E-009
0.1767766952966407
2.7184405828961966E-007
2.5463971088685399E-007
2.3852730474907038E-007
2.2343750081092269E-007
2.0930536355944761E-007
1.9607008135319811E-007
1.8367470427097790E-007
1.7206589885930196E-007
1.6119371873606858E-007
1.5101138933706256E-007
1.4147510644449820E-007
1.3254384749745499E-007
1.2417919506270731E-007
1.1634517154202231E-007
1.0900808374529134E-007
1.0213637833677399E-007
9.5700505574557637E-008
8.9672792191385293E-008
8.4027322444046943E-008
7.8739826021206707E-008
7.3787574061782294E-008
6.9149280893919294E-008
6.4805012528557606E-008
6.0736100766314943E-008
5.6925062932662243E-008
5.3355526427255574E-008
5.0012158343119841E-008
4.6880599399891503E-008
4.3947402179182129E-008
4.1199972974848342E-008
3.8626517788595926E-008
3.6215991679831038E-008
3.3958050899182861E-008
3.1843008407525575E-008
2.9861792390136698E-008
2.8005906925140905E-008
2.6267395453110901E-008
2.4638806874165448E-008
2.3113162872326389E-008
2.1683928266014728E-008
2.0344982965958787E-008
1.9090595045194659E-008
1.7915396996030697E-008
1.6814361647722515E-008
1.5782781115863433E-008
1.4816246392303769E-008
1.3910628470975773E-008
1.3062060186648174E-008
1.2266920066398302E-008
1.1521816597526847E-008
1.0823573271554714E-008
1.0169215477624911E-008
9.5559572725582659E-009
9.5559572725582659E-009
9.5559572725582659E-009
9.5559572725582659E-009
0.1767766952966416
4.5722353023007288E-008
4.2840544156060182E-008
4.0141507051556872E-008
3.7613636521066947E-008
3.5246064498681400E-008
3.3028612980218475E-008
3.0951750313604947E-008
2.9006550069412284E-008
2.7184652717345886E-008
2.5478229564581402E-008
2.3879948978218832E-008
2.2382944860194113E-008
2.0980787324314059E-008
1.9667454490389962E-008
1.8437307040273571E-008
1.7285063802175051E-008
1.6205778606219259E-008
1.5194819759434209E-008
1.4247849481950083E-008
1.3360805278987413E-008
1.2529882825528931E-008
1.1751519361368724E-008
1.1022378090179714E-008
1.0339334275156303E-008
