18.5399622250963105330
18.5390893083346988135
18.5326902191354108140
18.5325593624680209359
18.5322590005805452051
18.5322589995308391053
18.5322589994766673271
-112.1381139414663721254
-112.1381947110002528234
-112.1382164102095515545
-112.1382181922100897964
-112.1382185305235310580
-112.1382185400108539852
-112.1382185400225353078
-112.1382185400228763683
-112.1382685363951168256
-112.1383125393399922132
-112.1386351351166297263
-112.1386398234096901660
-112.1386420609247096536
-112.1386420609249370273
-112.1386883177230515685
-112.1386907788261879659
-112.1386918210581882249
-112.1386918497496765212
-112.1386918542267494558
-112.1386918543226300926
-112.1386918543227864120
-112.1386926625905573474
-112.1386933726014376589
-112.1386985074520765693
-112.1386985559544200441
-112.1386985563032965274
-112.1386994015406486369
-112.1386994521668185598
-112.1386994742340021958
-112.1386994746960965585
-112.1386994747711298714
-112.1386994747726646438
-112.1386994903807732271
-112.1386995040812877278
-112.1386996025318012471
-112.1386996030117870760
-112.1386996030119007628
-112.1386996194499943158
-112.1386996205039281449
-112.1386996209675288583
-112.1386996209762827448
-112.1386996209776327760
-112.1386996209776611977
-112.1386996212861220101
-112.1386996215567819490
-112.1386996234965351960
-112.1386996235025321766
-112.1386996238262980796
-112.1386996238477422594
-112.1386996238572777429
-112.1386996238574909057
-112.1386996238574624840
-112.1386996238636015732
-112.1386996238689590655
-112.1386996239074136383
-112.1386996239075273252
-112.1386996239139648424
-112.1386996239142774812
-112.1386996239145190657
