0.0000000000000000000
0.0000000000000000000
0.0000000000000000000
0.0000000000000000000
0.0000000000000000000
0.0000000000000000000
0.0000000000000000000
0.0023024763414212449
0.0009379757951804016
0.0002710773831032230
0.0000816047977474138
0.0000133775013570360
0.0000005577357218406
0.0000000893659438903
0.0000000043791862651
0.0000000043791862651
0.0000000043791862651
0.0000000043791862651
0.0000000043791862651
0.0000000043791862651
0.0000000043791862651
0.0004208475908194566
0.0002174693197915828
0.0000270690919331339
0.0000094910019317748
0.0000014888520827556
0.0000000494069044810
0.0000000092685525713
0.0000000092685525713
0.0000000092685525713
0.0000000092685525713
0.0000000092685525713
0.0000000092685525713
0.0000609169582871069
0.0000318584593701370
0.0000034558111500288
0.0000012260890966279
0.0000001862367362130
0.0000000062906229365
0.0000000062906229365
0.0000000062906229365
0.0000000062906229365
0.0000000062906229365
0.0000000062906229365
0.0000088173613075104
0.0000046297482557098
0.0000004753454635107
0.0000001685250815187
0.0000000254955314177
0.0000000009153836198
0.0000000009153836198
0.0000000009153836198
0.0000000009153836198
0.0000000009153836198
0.0000012603323235995
0.0000006628577835124
0.0000000663799875405
0.0000000234899363563
0.0000000035661187219
0.0000000035661187219
0.0000000035661187219
0.0000000035661187219
0.0000000035661187219
0.0000001791112407808
0.0000000937446613540
0.0000000099115256102
