0.0094747205442130989
0.0089019225610671056
0.0019368540713639892
0.0016551268696540181
0.0000036411951847626
0.0000008075956237850
0.0000000062656502791
0.0000000062656502791
0.0000000062656502791
0.0000000062656502791
0.0000000062656502791
0.0000000062656502791
0.0000000062656502791
0.0000000062656502791
0.0000000062656502791
0.0021315221775812148
0.0019997074860457157
0.0002279067384391819
0.0001310986132288208
0.0000000509048573301
0.0000000033109425535
0.0000000033109425535
0.0000000033109425535
0.0000000033109425535
0.0000000033109425535
0.0000000033109425535
0.0000000033109425535
0.0000000033109425535
0.0002709054190543195
0.0002539091236314216
0.0000189374081432114
0.0000021003702749837
0.0000000005126819097
0.0000000005126819097
0.0000000005126819097
0.0000000005126819097
0.0000000005126819097
0.0000000005126819097
0.0000000005126819097
0.0000376403951304020
0.0000352655534440228
0.0000018734325496301
0.0000000423313087058
0.0000000000020242785
0.0000000000020242785
0.0000000000020242785
0.0000000000020242785
0.0000000000020242785
0.0000000000020242785
0.0000000000020242785
0.0000052911021923117
0.0000049564927675366
0.0000002093152477933
0.0000000008475346406
0.0000000008475346406
0.0000000008475346406
0.0000000008475346406
0.0000000008475346406
0.0000000008475346406
0.0000007455842186655
0.0000006983851591189
0.0000000255896507713
0.0000000000939380695
0.0000000000939380695
0.0000000000939380695
0.0000000000939380695
