0.000000000000000
3.8846489040197459E-003
1.3114432358114980E-003
2.6598592114439052E-004
6.7279899148094742E-005
1.0590538113534985E-004
1.0615347064492044E-004
2.5568945112222901E-004
5.7740513294529290E-005
1.0832814218744153E-004
3.6482937765091710E-004
6.5689538279843957E-005
1.2352865809853617E-004
2.0090396341782804E-004
5.8052833380141757E-005
1.1544118548355851E-004
6.7194940750161291E-005
6.3648410522360176E-005
6.8088304851505275E-005
2.8744673489872783E-005
1.5076884507133878E-005
2.0651117379211829E-005
5.2505649497096859E-005
2.8536655534132584E-005
1.9670722826170622E-005
1.6137083694482475E-005
1.2772937174829944E-005
6.3579834914625650E-006
1.8985440627363472E-005
1.6256422617127178E-005
4.1463483459078922E-006
4.8226821747971829E-006
8.2719851272799991E-006
6.1644500662814122E-006
1.3267544994086542E-005
8.0951625782809884E-006
5.9161664564412174E-006
1.4235524840312102E-006
4.6523678670811628E-006
4.0480047739479733E-006
1.8683687155658403E-006
7.2187654078596828E-007
3.5566189575149698E-006
1.8620733765319101E-006
2.0193032534006874E-006
2.2178650348462240E-006
5.3781673459166218E-006
2.1569180374326663E-006
4.5826144954802462E-006
2.2521534366782128E-006
1.5662131352234719E-006
1.2942771112065788E-006
2.3437454699733728E-006
3.0843541609055034E-006
3.5760755504560900E-006
7.2712330293210155E-007
2.1860087285705125E-006
8.5528776933599784E-007
8.8360800410374853E-007
5.7363623761221323E-007
2.8733950691828804E-006
1.5789990218666218E-006
6.9937332430202615E-007
5.2482664195001173E-007
6.5443490578038619E-007
1.1755874577465441E-007
3.1888172385989976E-007
2.7048144773492637E-007
4.0361396939099845E-007
1.8082409355116990E-007
3.3392199208718594E-007
2.8743094439297893E-007
5.3085233728451643E-007
2.0678146781297402E-007
3.1906682257549115E-007
6.5698501932105227E-007
2.8933923615892191E-007
1.4536376290128135E-007
6.0690604345718822E-007
9.8691965737637155E-007
4.0376540309828073E-007
3.0345718061474918E-007
3.7270194448965864E-007
1.8385015971772060E-007
3.0444826310051809E-007
2.2899621320015812E-007
8.8539584074472690E-007
2.6960100416762239E-007
1.7828025260120516E-007
1.2523132932640181E-007
1.6059073960400248E-007
1.1502777081429805E-007
9.9341220189633028E-008
5.3386191778597923E-008
1.2267597974656858E-007
1.5054079168542632E-007
4.1604463288055231E-008
3.4108583466383812E-008
7.1815930781754180E-008
2.3105869970496999E-008
5.3643576683152061E-008
8.8856792175640050E-008
1.6159098274213522E-007
4.8821095872402634E-008
4.4159056668182943E-008
6.4420838464050653E-008
4.2103703368990321E-008
2.0252238681204776E-008
4.9410226487228568E-008
6.4093299265138216E-008
3.4286115952308734E-008
2.7705055206235347E-008
5.8312278069103372E-008
4.0846498476766557E-008
7.7285881188405181E-008
6.4651081213835456E-008
9.7162654839301439E-008
3.6725605922396576E-008
5.5343679628511413E-008
2.8730325518825786E-008
2.5178752933543996E-008
1.4569239288297606E-008
6.3621940650502834E-008
3.0536301790014735E-008
9.7483554879976935E-009
9.5182888791237504E-009
5.9048139242279708E-008
1.3243958322406248E-008
1.3096996515721463E-008
1.0961054413409240E-008
2.3534832739337712E-008
5.3819034577891186E-009
1.1322825279974077E-008
7.9557739494286384E-009
4.8978669584958058E-009
2.6448508570095673E-009
7.3552463112999409E-009
1.2069985014030160E-008
7.4299744692912104E-009
3.5206639548766228E-009
1.1863932543330862E-008
1.4461947429687954E-008
2.1634423907816104E-008
4.8749685914644247E-009
1.7979527587798677E-008
1.5557114411961940E-008
8.8642983912996514E-009
7.8027453327022682E-009
5.9191507780954914E-009
3.4649659411392250E-009
8.5023488217834953E-010
2.6669578489236864E-009
2.1504097549054976E-009
1.1141454389360570E-009
1.0115136559226139E-009
3.3799826710981710E-009
2.7245232930808189E-009
1.4036211563236760E-009
2.6822446909115845E-009
2.2533877777214324E-009
2.7067222201179678E-009
1.5157176719828731E-009
2.9947744134532813E-009
1.4065763464434741E-009
1.7005201344464672E-009
1.5387348050984373E-009
1.8843866600893111E-009
9.4430957999113904E-010
1.5599329499521605E-009
2.8298628721655255E-009
1.6136234484792424E-009
7.7143982441248196E-010
1.6465398111207617E-009
7.1070760768855661E-010
7.1059862415755851E-010
4.3190877514398814E-010
5.0405019573760137E-010
2.2231646257279993E-010
