0.000000000000000
0.000000000000000
0.000000000000000
0.000000000000000
0.000000000000000
0.000000000000000
0.000000000000000
0.000000000000000
0.000000000000000
0.000000000000000
0.000000000000000
9.4317088871637370E-003
8.9044083042623904E-003
4.2700990674317965E-003
1.1599902638576643E-003
5.9996904243149658E-004
5.3424734446865462E-004
2.6865682868756137E-005
4.5849189838704379E-004
6.3850156587951366E-005
4.6911451739480949E-007
3.3071473234566906E-005
4.7013471208557367E-003
8.4257972311878357E-002
2.1957001217653427E-002
2.2462285793288638E-002
7.9811689995388079E-003
1.1304119253895293E-003
6.9335116008868844E-004
2.1633288982531314E-004
1.7016961477192047E-005
2.0994411020198477E-005
2.2923147597307640E-004
4.2005976992758190E-003
2.2588596140341480E-003
1.2347690010210770E-003
5.7275551781595601E-004
4.5776768577823973E-003
7.9076280820869610E-005
7.3202048891197525E-004
4.5859953578099468E-004
7.0969288010099408E-004
1.3622662540534200E-003
1.8072599572474674E-003
2.5273464320539815E-005
5.2770680027184470E-005
1.0736805779709066E-003
2.5147074514782907E-003
1.7297701430199030E-003
6.3313166116358351E-004
1.1183527134570577E-002
6.0239486815602426E-003
1.1370788430584754E-003
1.6412815511855638E-002
9.3625174295291578E-003
5.7122380371587228E-003
6.2206552298066549E-004
9.5269268211833512E-004
2.5631626286456686E-002
7.2030551285196878E-002
2.2979118189446596E-003
4.0035106426568262E-003
5.8011878077707431E-004
1.1727771754030997E-003
3.3067590145109148E-002
7.4947684124251745E-003
6.7162348316785045E-004
1.3883602641765183E-003
1.1181142038564833E-003
3.0641900425018324E-003
1.0508609105697297E-003
4.0511409888410082E-003
1.9068712714965948E-003
7.3456547089679298E-004
3.9158390376148121E-004
2.2336511253439668E-004
1.7957005765586949E-004
2.8009192250785873E-004
3.9083734456619074E-004
6.9728288231182573E-004
1.7030231559053864E-004
3.9863562410058582E-004
1.5544670443891086E-003
4.9925874107280602E-004
2.4867536578893567E-004
5.9605353699529934E-005
1.5710966996369602E-005
1.1366383539333019E-004
1.7216882735679713E-003
6.2154112861017728E-004
8.1890142950867632E-005
2.7937480359264271E-005
2.7372295173741560E-005
7.1114332724214732E-006
3.8617469268960414E-006
2.1906331614408931E-006
1.6515727047260229E-006
1.3994548363829628E-004
1.4891261766323324E-004
4.5197188651587164E-005
6.2973587787495456E-005
5.7802452498146483E-005
5.2925014476981407E-005
4.2260407939557392E-004
2.0770119935582991E-003
7.2737272214329967E-005
9.1769980611328787E-005
3.5650234562932092E-005
4.8819019165400185E-005
1.6467134071620827E-005
6.1480775624085674E-006
4.6063984414021723E-005
8.7051535703389936E-005
8.7869075612603698E-005
6.7383639995213592E-005
7.8672347339136926E-005
2.3891310851321262E-004
4.4525253425893704E-004
5.3080688304138979E-005
4.9688951005729769E-005
8.6717372453416666E-006
4.3618585218612092E-006
3.3399792692927086E-006
8.6628320470626925E-006
4.6444770890975943E-005
1.0035831505102680E-005
3.2130650240865789E-005
6.3038107320629287E-005
6.0769033746483635E-005
7.9286851519900963E-005
6.7853127961985479E-005
2.1438514011378745E-004
2.4697543466122658E-004
7.2301922017382539E-005
1.9006438654848580E-005
1.4186792568766784E-005
1.9256784829076585E-005
1.6932180375531149E-004
1.8166267336251746E-004
4.8135369541148352E-005
4.1150226903087354E-005
1.4128514955531029E-005
8.1824910373481513E-006
6.4854125827405676E-006
4.7647171356109626E-006
2.7423801978189168E-005
2.1722550696863754E-005
2.9059918857682105E-005
2.2340326060198701E-005
3.2562980334999807E-006
4.2437772820761833E-006
4.4237389684173293E-006
1.1440378167811485E-005
1.3820511296298192E-005
6.0926891641433453E-006
2.5578733272797742E-006
7.9681383985848563E-007
6.0323242371543645E-006
6.1092491893903834E-006
5.4470810412555601E-006
4.4604715469874751E-006
8.4398054619909598E-007
4.4133362099794192E-006
6.7331216692682161E-006
3.2182887755901361E-006
1.8671602297762910E-006
2.3964843895273325E-006
6.6354879341749433E-007
8.5500279217097374E-007
6.6904114191823350E-007
3.8741673268412979E-007
3.7778585678123156E-007
3.2618095344599899E-007
1.6623808881653452E-006
4.7719182392463900E-007
8.3981361952408528E-007
9.4361859527895067E-007
6.4977369962272232E-007
7.3947903266921250E-007
6.7207656886607163E-006
1.3818416749999526E-005
6.9742492802368113E-007
1.1038424310986179E-006
1.0645526472418845E-006
5.2837115059590584E-007
1.4246150265498669E-007
2.1111446811632785E-007
6.4217101557606072E-007
8.1137249073534321E-007
7.5571716732987046E-007
8.3227207581713066E-007
1.0759509083637316E-006
2.4542266903162501E-006
5.2040987084473323E-006
2.6542720138441303E-006
8.4320081951080323E-008
3.0704853389246362E-007
9.7473104213886972E-008
1.9553614370825557E-007
7.8760106420066812E-008
1.4285188789914003E-007
4.7488782519135807E-007
3.1455087050292984E-007
3.0912340325706456E-007
3.5612060142986393E-007
3.3469870113306517E-007
3.3372752657726003E-007
1.4905293652938350E-006
3.0301513426987659E-006
3.3011038562018637E-006
3.3323162049702175E-007
1.3873998866749880E-007
2.6040667840518139E-007
1.3744088840976083E-007
1.2602582268928001E-007
6.5769024636550144E-007
2.5055949190670620E-007
1.7096723040400180E-007
2.8314991541881279E-007
3.5862144063559351E-007
3.0517945559782814E-007
2.7635734630595738E-007
8.5274701178014706E-007
1.0704715786909574E-006
7.1705322256580575E-007
3.7400758854280935E-007
2.9062605934517625E-007
7.9297191711807251E-008
1.7685250273313547E-007
9.4066339064808889E-008
1.1534613001136230E-007
1.0291426579015110E-007
1.3942790147675446E-007
1.9098171574944616E-007
5.9011992788272802E-007
1.7813478919864463E-006
5.1894732898739199E-007
2.3406012085200766E-007
1.7768165251237121E-007
9.7533838055897755E-008
4.0352817607071795E-007
2.8952591940299593E-007
2.5171326003063929E-007
4.9357555509418125E-007
5.7173779877313903E-007
8.6002334536700276E-007
1.4697091136040851E-006
5.3503565358886229E-007
2.0508014549176409E-007
1.6158006058945481E-007
2.8774813298000337E-007
4.1193716814932547E-007
3.9724919119702623E-007
2.1079758349238131E-007
4.2504248113021935E-007
3.6567790521206587E-007
1.6630368894012418E-007
1.0108221290403835E-007
4.9217524649417002E-008
4.9345614963584871E-009
4.9345614963584871E-009
4.9345614963584871E-009
4.9345614963584871E-009
4.9345614963584871E-009
4.9345614963584871E-009
4.9345614963584871E-009
4.9345614963584871E-009
4.9345614963584871E-009
4.9345614963584871E-009
9.3309876640959742E-006
9.2045063871440533E-006
4.8850049890940190E-006
2.5097839614599658E-006
5.7545428522341215E-007
1.0833114059157587E-005
1.3764823571098337E-004
4.0494724265561556E-005
5.6381828080481878E-005
3.9534817920863415E-005
2.4410916421832542E-005
1.9853725828362779E-004
2.3344120330728805E-004
2.4556768980842134E-005
5.5818570267155680E-006
3.5593207917032356E-006
3.3908540092060462E-006
8.8531865951333534E-006
8.8873714951924944E-006
5.9117691521841820E-006
2.5131773476815532E-006
1.1650713458473453E-005
1.5226217742830734E-005
3.6086797924985776E-005
7.6841743225078952E-005
2.2559239950938007E-005
9.5998852849446651E-006
1.2160050269103505E-005
2.0608191286300092E-007
1.0611375441464766E-005
1.1061285004969210E-005
1.9461934886839979E-006
3.0505319160558347E-006
2.9278720027141452E-005
1.0317735022036645E-005
1.8271449173497335E-005
2.1973525462442124E-005
8.9573848689779198E-005
4.8808421910457246E-005
9.8782333826035812E-006
1.6124709462938276E-006
1.6433197268225001E-006
3.0147250739893839E-006
7.7837174580045474E-007
3.7208754797230984E-006
1.8520020262450418E-005
8.3459983701187939E-007
9.5848277440634114E-006
4.6634333424195567E-006
3.2807491362567678E-005
3.0290619619625156E-005
4.3891855588369767E-006
3.8503522224496925E-006
6.1510496931668856E-006
6.2239791881017078E-006
8.3429494984547101E-006
2.7819247804668000E-006
8.6229688118195271E-006
3.1523779460860137E-005
7.5744455762362758E-005
1.1422965533072528E-005
1.7119938497240151E-006
1.0793043576358753E-006
9.4852597558377584E-007
7.5598466514221694E-007
1.7781070159865961E-006
2.7673220598412758E-007
5.4256109882228997E-007
6.1969348821686051E-007
2.5949831929187251E-006
1.1902001583784164E-006
3.7660535636300854E-006
3.7865492857319911E-006
3.3660247251275757E-006
2.1025202964037608E-006
1.1507233548616926E-006
3.7235710541907507E-007
6.0838561020283344E-007
1.4777567232289487E-006
4.0305885941463401E-006
1.9361950602869672E-006
1.1488774203089495E-006
3.9320285610820423E-006
5.2730263428775001E-006
2.3311358354779194E-006
9.3409321051204245E-007
8.4851023139226377E-007
7.9689893225611681E-007
1.0645568185842145E-006
4.6154112439295297E-007
2.4816953141986579E-007
5.5018387033577675E-007
1.1783916277979652E-006
1.1739697254398031E-006
7.2942277926689225E-007
1.0422571609788052E-006
2.5679348271833054E-006
2.3547313452182530E-006
9.5072730745164772E-007
5.1825698466443308E-007
3.1267039590327716E-007
3.1587168643995030E-007
2.4163876416668724E-007
7.2754086524252142E-008
1.3011921561257546E-007
3.4073679730194013E-007
2.6160675131185089E-007
2.3226643148272929E-007
2.3543680710194736E-007
1.6770401187576538E-007
3.4535704768609679E-007
3.0707080694201374E-007
1.2748236068300156E-007
3.4464977999470732E-007
2.0768971979525196E-007
2.6730575179100926E-007
1.7643570655861269E-007
2.6867401224360443E-007
6.0117794855409582E-007
2.3922293997635636E-007
8.7489894157590040E-008
3.3461735597453820E-008
3.7005356748336556E-008
1.5621339417344640E-007
3.9814267708801341E-007
2.8996139409173871E-007
5.8409913699276964E-008
2.2168615697416794E-008
3.1120470117287032E-008
1.7374760537143083E-008
1.2779683456865962E-008
4.6501346735437420E-008
7.3687451347738707E-008
1.2363689800997255E-007
8.2771175290563992E-008
3.9879865173600875E-008
1.1558734729004593E-007
1.9492075338875430E-007
1.2354540381436140E-007
8.9507905744963911E-008
2.5041247517614255E-008
2.7061054209963672E-008
5.4919008787829160E-009
5.4919008787829160E-009
5.4919008787829160E-009
5.4919008787829160E-009
5.4919008787829160E-009
5.4919008787829160E-009
5.4919008787829160E-009
5.4919008787829160E-009
5.4919008787829160E-009
1.4971093307465452E-006
1.4578771336819435E-006
7.5837081707038974E-007
6.8779985432167400E-007
1.6566160755435013E-007
8.3634904132571684E-008
1.5636102161514206E-008
3.5844197834336545E-008
2.4374672332214183E-008
7.6651725701443044E-008
1.7897271515945779E-007
3.9819704645011414E-007
7.4903820908077513E-007
1.0786325159060396E-006
2.7894482570939833E-006
3.5714448910610924E-006
1.8881413993449416E-006
3.4463278894686258E-006
4.4993036487947650E-006
5.1391379769267116E-005
6.9815318555850462E-005
3.4341377389081059E-006
1.5549130675322973E-006
2.0312225063927190E-006
1.0202391398532894E-005
7.9197459151008210E-006
4.4362585798898284E-006
2.8083613183750447E-005
5.9796431474859762E-005
3.0506000670632645E-006
4.3658168591153066E-006
1.6537462110567783E-006
3.5891288451515687E-007
4.2371356265827020E-007
7.5087115784915282E-007
1.7562399633595924E-006
3.5409048899375058E-007
1.0430348386315856E-006
2.5912484927675592E-006
8.5709837947727539E-007
1.0508596705173830E-006
4.5726909512379741E-006
2.2485471356512474E-006
1.5009598695242625E-006
1.1220464778663882E-006
5.0610418444119865E-007
1.1511423072427276E-006
5.4556909182156169E-006
2.6482392853893696E-006
5.4650783875958837E-007
3.4345437595477851E-007
1.6390011252141518E-007
2.4978423587826042E-007
3.6976751606287181E-007
1.3293282759415502E-007
1.3434929716765683E-007
2.7500268809170426E-007
4.0617478579451657E-007
6.2875469779966115E-007
9.2169831982390507E-007
1.2982808977615760E-006
2.5515573297428402E-006
9.2297226886412902E-007
8.6772072639808969E-007
1.6852809059809146E-006
1.9385979128546207E-006
1.8312008236930807E-006
1.0734766505471058E-006
1.0556259046196845E-006
8.5451305457394048E-007
2.7753824981125828E-007
4.0278543178162884E-007
4.7094769643749260E-007
8.1708637467604113E-007
1.3620070965799647E-006
6.8187708675252268E-007
8.1345214883580921E-007
5.4015743683932675E-007
7.9202210776489520E-008
1.0167699047089217E-007
8.6101403922947697E-008
5.1424653916791172E-007
7.8253004855726252E-007
2.0155654150354662E-007
2.0731397482120788E-007
1.5606672886843219E-007
9.1891042628603789E-008
9.1175660000316651E-008
3.7970986819761899E-008
1.6632566035153677E-007
3.4962666991639206E-007
2.9401841530848014E-007
4.0353043866132956E-007
1.8464038880283924E-007
1.0265417697362126E-007
1.4895076390746952E-007
2.8286566605429994E-007
6.5941071721787798E-008
1.2761642684438335E-007
9.8239265415305474E-008
2.5090199949480245E-007
1.9334062637830964E-007
1.4107707427813379E-007
2.0645420225348932E-007
5.6676730205030967E-008
3.0798282588934848E-008
8.8532393595764764E-008
1.1679637400247851E-007
4.3933715624106019E-008
4.2101565916142040E-008
2.4080059542167999E-008
1.4164848791041857E-008
2.7786761290240964E-008
6.6826573944590635E-008
7.2056833406579306E-008
3.7161630593206667E-008
1.6372448937508940E-008
1.9461211839671883E-008
1.4628995232951956E-008
2.0954473703180808E-008
2.0597538020251468E-008
2.1389877153507399E-008
2.0146667994610080E-008
1.3026674067066112E-008
5.5875845585721149E-009
5.5875845585721149E-009
5.5875845585721149E-009
5.5875845585721149E-009
5.5875845585721149E-009
5.5875845585721149E-009
5.5875845585721149E-009
5.5875845585721149E-009
5.5875845585721149E-009
7.8002755588523101E-007
7.5991249123546056E-007
3.8143395726306350E-007
4.2688159454385522E-007
3.7499845189916042E-007
1.0906704357640152E-007
3.0781001186225195E-007
1.5594559046965204E-007
5.4362552230992672E-008
4.5475590858565226E-008
1.9858672502191998E-007
1.7872308414850689E-007
5.6774681667228451E-008
4.5776778516210206E-007
1.9151242330895177E-007
1.0336796453894220E-008
7.0834674810093226E-008
5.3829187630808963E-008
1.1757497798993570E-008
3.4890793845137408E-008
1.1767736439607815E-007
1.4099593340465485E-007
3.5196983676725120E-008
3.3148397897835226E-007
6.6993731368428729E-007
4.2914479400737211E-007
4.5961913187881813E-007
4.0654140784374803E-008
3.7266714324800979E-007
5.0143819238574571E-007
2.8068587768443039E-007
3.3800464245812363E-007
7.6313669117478951E-008
6.1103694184537964E-008
5.7520739882462793E-007
1.1477524118534519E-006
4.1222356212084849E-007
9.4104044151900104E-007
9.9705716714192747E-007
6.4603309914191575E-007
1.9972158509322815E-006
1.1206772296372845E-005
1.3410668692317483E-005
3.4645347687931165E-005
4.7269206164928460E-006
1.0377384283269967E-006
1.0019419559046212E-006
2.2802560193459226E-006
1.8448850816650833E-005
6.0934791188062687E-006
1.4225766708621190E-007
1.5763273142625464E-008
1.3597272222380251E-007
5.7917866548206844E-008
1.1542735577582499E-007
5.5208075231999050E-008
5.3547479643036085E-009
1.5517266178955993E-007
1.1164729073411386E-006
2.0660797354175828E-007
3.7603315897943900E-007
1.7104959378886008E-006
3.2334230392325021E-006
2.9423980024394269E-006
1.0555122534325131E-005
9.0510462928329163E-006
9.6904277846452866E-007
2.2218144883882809E-007
1.5899567902234621E-007
4.3058260745664608E-008
5.7975491089019054E-009
5.7975491089019054E-009
5.7975491089019054E-009
5.7975491089019054E-009
5.7975491089019054E-009
5.7975491089019054E-009
5.7975491089019054E-009
5.7975491089019054E-009
3.8221701325557838E-007
3.7710285061170239E-007
1.9419210838063897E-007
1.3355079026011292E-007
6.3107014780208038E-008
4.3559841028888078E-008
2.9417690214217769E-008
2.2448335460164201E-009
1.1857360805665078E-007
1.2840272573748019E-006
2.5344747517417399E-007
5.1745801835322564E-007
6.0880968593451973E-008
2.1421220645849652E-007
1.2109523444403131E-007
2.0231091980025627E-008
2.1842825156406969E-007
1.6999683021541955E-008
6.5387812134194206E-007
3.9246180303436538E-007
2.5194998885826962E-007
1.7660046432773369E-007
1.1481808438249171E-007
1.7118346007077022E-008
1.8809545435357130E-007
7.6362775055098737E-008
1.3581223681365340E-007
4.0664283269569453E-008
8.3814948449705088E-008
3.5032138539719421E-007
1.4169607929637744E-006
3.5197774998494616E-007
6.0378759694328506E-007
6.9616884911506876E-007
4.2433238929387583E-007
1.0832047149813161E-007
5.5224487696013972E-008
1.0952483702801495E-008
1.1015304441058003E-007
4.6502443421678591E-007
1.4077345318477242E-007
1.8572602067112699E-008
8.7648227273503678E-008
2.1529936304818892E-007
4.6167183085316774E-007
1.1751422092936764E-006
8.5329249412936229E-006
3.3780196400623600E-006
1.9204306737532173E-006
1.4951977082630662E-006
6.6184503266687772E-006
1.1002266825532837E-005
4.4997448645373222E-007
9.2802114148355573E-007
1.2303007568465142E-006
4.0510553491627182E-006
1.2572046672261795E-005
2.7996322104629764E-006
5.5686427448533084E-007
9.9437733558615586E-008
1.0811551184128849E-007
3.9141513069304541E-008
1.5521328212583060E-007
1.2091388681814246E-007
2.6245421309739546E-007
2.3774521769659202E-007
7.2102358727741035E-007
2.8184219282718315E-007
3.4870962708363553E-007
2.9220666870088639E-007
6.0387074046482670E-007
1.2507397086612297E-006
4.8549393355911413E-007
2.8984569468065160E-007
4.9897900657043857E-008
3.8030608642746380E-008
1.4508591839748249E-007
1.4313265465261406E-007
2.5612176078725457E-007
9.4450483680487822E-007
2.3605125791255901E-006
7.6987720411191669E-007
1.6501994845278432E-007
9.7840024913965943E-008
4.1898559053122146E-008
3.2675122337166803E-007
5.6491266675816477E-007
6.5572941154618068E-008
1.8485582818758614E-008
6.8954524754112491E-009
6.8954524754112491E-009
6.8954524754112491E-009
6.8954524754112491E-009
6.8954524754112491E-009
6.8954524754112491E-009
6.8954524754112491E-009
6.8954524754112491E-009
3.0481596257580936E-007
2.9816763479860481E-007
2.4838140861377959E-007
4.2810824071110016E-007
4.0741730527011247E-006
6.9094376155206958E-006
1.0677126551370682E-006
1.6024482857120507E-006
5.4546418020478470E-007
9.7533614268815776E-007
1.5612952627641770E-006
1.7286791634096056E-006
1.4889450729686771E-006
5.2340635370560640E-007
1.9107092491065676E-007
2.8231981579290979E-007
1.4313702391783865E-006
2.7452829669868171E-006
2.8099740540524029E-006
2.7926872658293387E-006
1.2394878308976333E-006
6.2752515332363022E-007
5.1000527405257370E-007
1.0001896762548931E-007
7.5309384433745329E-008
1.0236808631631295E-007
1.4440368252554751E-007
1.2929461209084933E-007
3.4716238401488820E-007
7.4810021974310860E-007
5.5807215804419851E-007
1.3598271338859240E-006
8.6889760531769863E-006
1.1471248410650608E-006
1.0221142265799322E-006
1.5912223604967014E-007
3.0514669622348792E-008
4.4537224474551879E-008
1.3457067259957955E-007
1.3749344569353207E-007
1.1018496886007009E-007
1.4166968743020390E-007
1.0451001799679351E-006
3.7074276965241291E-006
1.7123775071280632E-007
9.5365793869098512E-008
1.0053459833938193E-007
7.1253242427453073E-008
5.0761158521795626E-008
8.6288531732921296E-008
1.1763267086197622E-007
1.6578773898184433E-007
2.1241014460757777E-007
5.5147397875214798E-007
1.1611491086388516E-006
1.7608996329216444E-007
5.6267200059229978E-008
1.4363399554398607E-008
1.0232521629580655E-008
1.2992759195034159E-008
8.8804028216397663E-008
2.2849601306901659E-007
9.9630815948897346E-008
9.0147500555789582E-008
3.1382359349415309E-007
1.6223078125484592E-007
1.0863454817357262E-007
8.0969014216305692E-008
3.1438008518086083E-008
4.0528471624744376E-008
2.9268847422403509E-008
8.4844820733426399E-008
3.4686169982716701E-008
5.6948313132102754E-008
8.3780406378221059E-008
7.7607575260503854E-008
1.6306878004368118E-007
3.5594912230466171E-008
3.6858050184027808E-008
9.1695805500088341E-008
5.1809012261811063E-008
5.7353234986988439E-008
5.9549117008470515E-008
6.3391353636867819E-008
3.9463812057806738E-008
2.4906572138609860E-008
1.1448480539011840E-007
1.1302859292956329E-007
6.3941064599693090E-008
5.7995994735407210E-008
5.8061610243944432E-008
6.2002543420595480E-008
3.2416522829311011E-008
3.6378065001085196E-008
1.9110981374898214E-008
5.6443544834790918E-009
5.6443544834790918E-009
5.6443544834790918E-009
5.6443544834790918E-009
5.6443544834790918E-009
5.6443544834790918E-009
5.6443544834790918E-009
2.0062915924157735E-007
1.9624006370957729E-007
2.8190442404847994E-007
2.0569948535034898E-007
2.2424464551494689E-007
4.8631664601233718E-007
3.0983663561908346E-006
1.4059014390812869E-005
9.0776518702651408E-007
4.0711946526342182E-007
4.9582733517824891E-007
6.6948998278445869E-007
4.9759679720506714E-007
4.6823019288957545E-007
2.7661332023511668E-006
1.0267367842910134E-005
1.5177384287071132E-006
1.8700937141895687E-007
3.7625801908335685E-007
1.2377558730841978E-007
3.8409916286215858E-008
9.1098370694619445E-008
3.6605200621602176E-008
3.1047522175868022E-008
5.8376504190032597E-008
7.0001447697901727E-007
7.6139092567711148E-008
2.0999326985374861E-007
4.1113955810081476E-007
8.6596372739296407E-007
2.2925647359588828E-007
1.9092675158135344E-007
9.8754279247360439E-008
1.1094693806665001E-007
9.0439982713151180E-008
1.5625316841958560E-007
1.8106764224540672E-007
4.5549065567752202E-007
1.3735307806609469E-007
7.5959906984555181E-008
1.2347247287413940E-007
6.5643628484812942E-007
3.5819324673617992E-007
1.1585313119015443E-007
3.7076705603179809E-008
1.1615266059069686E-008
1.1696838289888415E-009
1.1696838289888415E-009
1.1696838289888415E-009
1.1696838289888415E-009
1.1696838289888415E-009
1.1696838289888415E-009
1.1696838289888415E-009
1.1455162799423330E-007
1.1313233321499339E-007
1.5535655551365087E-007
1.7290470903752968E-007
1.5119714369217694E-007
2.3652463007463887E-007
4.5256020678011568E-007
5.2542734355608554E-006
6.8290101779463553E-006
2.1730129169697282E-007
2.6692094972456523E-007
4.6279820174602512E-008
8.8614693228662547E-009
8.8614693228662547E-009
8.8614693228662547E-009
8.8614693228662547E-009
8.8614693228662547E-009
8.8614693228662547E-009
8.8614693228662547E-009
1.1540464737472700E-007
1.1168088010708729E-007
1.9411997682825262E-007
2.8903130456697369E-007
3.1128153818571911E-007
1.9289044240615956E-006
2.2509009053249054E-006
7.4531396504739703E-007
2.3307839698609852E-007
5.8369427834373158E-008
3.2867301229651754E-008
1.1639199194183190E-008
1.7926561871703465E-008
5.0648132495190875E-010
5.1922360787741509E-007
2.6812270789311370E-006
1.5257543629384332E-006
9.6461473747637963E-007
2.6315986093627745E-007
1.4252570028068016E-007
5.9791614745367857E-008
1.1929261753060298E-007
1.0410758694443179E-007
1.7434633699488852E-007
8.3509965507010582E-007
3.6264243089707586E-007
4.5645080868460041E-007
1.9555401087474701E-007
1.2405700679206925E-007
8.3457662036973911E-008
7.9004310409569634E-007
6.0044757541691141E-007
3.0247971734872720E-007
2.8101484823008973E-007
1.4575475345015188E-007
1.2904858616942778E-007
6.6243504589315121E-008
5.9113471941795006E-008
2.2951038820046581E-007
1.5281737483039851E-007
9.0620162231794979E-008
2.8695353589993851E-008
1.9026159825125616E-007
4.7221282048494418E-007
3.3023351538021345E-007
8.6855973255586807E-008
2.0274034050006013E-007
1.5805682524579355E-007
1.8832758642966207E-007
3.2365123144289053E-007
4.1657265567596231E-008
1.6547776464558356E-007
6.9562326185721095E-008
5.2464833355411878E-008
1.8244224860156862E-008
1.9299727789555250E-008
1.3833937667052935E-007
7.8152225513986070E-008
3.5987786086347712E-008
5.6708201360028054E-008
6.5796112736087776E-008
4.8850112013636337E-008
6.3708574928242027E-008
5.6905894084757226E-008
4.8474271547470036E-008
4.4953071922418024E-008
8.4632443180694103E-008
1.2951114435456113E-007
8.5009890092424408E-007
4.3447272956014294E-007
2.6242583684671995E-007
1.9404031999713277E-007
2.1634833804309262E-007
2.2403910222855105E-007
3.2828448372977170E-007
2.8257429236579200E-007
3.1455926190756181E-007
4.0626548121635563E-007
1.2027489513427029E-007
1.0485687694691674E-007
7.5707026655771325E-008
2.8568051188884731E-007
2.1127864530108091E-007
9.3868164039208655E-008
6.2699753756582166E-008
9.4855065024034622E-008
1.5391022708656524E-007
1.5846413287377691E-007
2.2673282003393741E-007
2.6995992734528977E-007
5.8090117485371611E-008
4.0381880932500900E-008
1.3696013458320894E-008
2.7419315396182525E-008
1.3490301384380268E-008
9.2923274029094208E-009
9.2923274029094208E-009
9.2923274029094208E-009
9.2923274029094208E-009
9.2923274029094208E-009
9.2923274029094208E-009
7.9373235084006317E-008
7.7219695317611433E-008
8.0490902074399143E-008
7.8784985394823983E-007
5.9977660525398053E-006
6.7675645366286737E-007
7.6238482491439187E-007
3.2661760719520848E-007
1.4232579990193089E-007
3.5271941638922833E-008
3.2517604499339422E-008
9.3533792176390014E-008
2.8015961651151073E-007
9.4086852526005630E-007
1.9873847296821980E-006
1.2128198798261352E-006
5.9244881925881641E-007
2.2744018489638906E-007
2.0230888158114889E-007
2.7678594877613475E-007
7.0959200809033466E-008
1.9474527664625145E-007
6.5617230321690742E-007
4.0407255821897441E-008
7.3178987582607435E-008
3.5840128808302766E-008
8.6007273136524514E-008
5.6104158040625349E-008
1.8688839652993082E-007
2.1701541659906552E-007
1.0120344032114832E-007
1.1613540982824519E-007
7.3104161672473783E-008
9.9231319716456018E-008
8.2624324522538341E-008
2.3008251972029259E-008
1.0493172148392599E-008
1.2053158356517366E-008
1.8982073049876623E-008
6.1060943168003134E-008
8.9714503857556461E-008
3.6417569569234212E-008
1.4690705594586681E-008
1.1446142999849628E-008
2.2213837965003673E-008
3.8449581956569242E-008
7.7422081091001811E-008
5.7300558382159438E-008
1.6080329366400792E-008
1.4517448071526148E-008
1.0708175335156336E-008
3.8941797676046974E-009
3.8941797676046974E-009
3.8941797676046974E-009
3.8941797676046974E-009
3.8941797676046974E-009
3.8941797676046974E-009
5.2568956671781802E-008
5.1501970194451260E-008
2.6632428280881218E-008
1.0121780805650802E-008
4.4215384812855895E-009
4.4215384812855895E-009
4.4215384812855895E-009
5.0334220210100908E-008
4.9357077235945982E-008
3.0746434113974082E-008
2.9644299287855611E-008
4.6188264288564797E-007
3.2142611685023328E-007
1.2776388964552434E-007
5.3383178580108922E-007
4.2752890629663501E-006
4.3079027213232263E-007
5.4801587215238219E-008
1.4437651402005173E-008
1.2187415874676078E-008
3.8523987983947975E-008
2.5876025946546498E-008
2.2107804870177271E-008
1.1127448750162064E-008
1.1715443451811775E-008
2.0334271977385005E-007
8.0220954970678230E-008
2.8723483255851607E-007
1.9285874002145679E-006
1.2293455603368340E-006
1.9085257421825118E-007
1.3879686041601517E-007
4.8626804648127376E-008
3.9890801776059384E-008
1.8688442820231062E-008
3.2767462432771328E-008
2.5479558700425059E-008
2.0783174355481960E-007
1.9569185436512179E-007
1.8415421402499732E-008
1.2814608722625074E-008
8.8439447679589177E-009
8.8439447679589177E-009
8.8439447679589177E-009
8.8439447679589177E-009
8.8439447679589177E-009
8.8439447679589177E-009
3.6516371873356141E-008
3.5727889245408661E-008
3.4697127247527022E-008
2.8873202196508135E-008
1.6954047247045890E-008
3.6557121855929225E-008
1.1507666696038477E-007
2.6888599406849574E-007
9.7164137425163622E-007
2.1074826639836429E-006
3.2512236798759986E-007
1.4294926289636858E-007
5.7836516607446854E-008
9.8768399086796055E-008
1.2379184341237311E-007
2.2635033862389675E-007
1.3415172273757987E-007
1.6552522602744651E-007
4.4467002515213798E-007
5.8522587835749034E-007
2.7500859802536564E-007
2.4812945430975033E-007
3.1429293872044743E-007
1.4936970711782725E-007
7.7503975845647247E-008
2.6868489561611749E-008
3.9322194996719904E-008
8.1204890813854656E-008
2.5238446696121597E-008
2.5878349821314417E-008
1.8463215599403292E-008
1.3112199936484428E-008
1.8875337704198622E-008
4.3607847175696871E-008
2.6960125978757871E-008
1.8097957478407074E-008
3.7789539501281587E-008
1.0482697840943599E-008
5.4448532904576226E-009
5.4448532904576226E-009
5.4448532904576226E-009
5.4448532904576226E-009
5.4448532904576226E-009
2.6448353879478881E-008
2.5937202047736584E-008
1.5229822602579805E-008
1.2862271703662438E-008
1.0845705643539782E-008
1.0662162130247899E-008
3.6564021792148719E-008
4.3075219445746814E-008
6.3345246430097094E-008
1.1070209438534250E-007
5.5866756055954605E-007
1.8934129604302035E-006
2.5183001918688555E-007
1.5829940237683996E-007
6.1449674420057892E-009
6.1449674420057892E-009
6.1449674420057892E-009
6.1449674420057892E-009
6.1449674420057892E-009
3.3641341978008417E-008
3.2425692544806228E-008
1.7133097367236223E-008
5.7243575334548917E-008
2.3492814466473842E-007
2.2427061321148047E-007
2.6065068436591642E-007
3.2856558611617910E-007
1.0674199585592854E-006
5.1753517693930738E-007
1.5537370988362273E-007
1.4176422548318631E-007
1.3118021550173510E-007
2.8597643320956144E-008
1.4042806792654787E-008
7.5166636901814251E-008
6.9782134591239233E-008
4.5149539988327095E-008
6.0134631067718074E-008
1.5862499502870890E-007
4.0632403093332761E-007
2.1303987384554833E-007
9.2070305833884506E-008
4.7758937745012912E-008
2.5581254135185645E-008
1.0298765193443190E-008
1.3789641267636879E-008
1.6748339413378612E-008
3.0768398687293812E-008
2.3564118440802586E-008
2.2631531516417287E-008
3.2160113096679637E-008
5.4574272916934120E-008
7.2130396438176674E-008
3.6865109115551213E-008
1.4536519423994596E-008
4.1802674287686097E-009
4.1802674287686097E-009
4.1802674287686097E-009
4.1802674287686097E-009
1.5245714638266283E-008
1.4893917902317588E-008
7.6863124545803684E-009
7.6863124545803684E-009
7.6863124545803684E-009
1.4621585509305751E-008
1.4329744264959666E-008
