0.000000000000000
9.3037712632484323E-003
6.7350417835031363E-003
8.2079931652081287E-003
1.3113946628981773E-002
4.0833112020393650E-002
8.9952541386960932E-002
5.3515864110445920E-002
3.1398729758060177E-002
2.5009339233624125E-002
7.0282344254882665E-003
6.9507148709140043E-003
7.0295349268441514E-003
1.4439441756119785E-003
1.8428154213128679E-003
3.0592175498492082E-003
1.1469957751308237E-003
4.1779773397958731E-004
9.6385125616185101E-004
9.4019019493004458E-004
3.7045206679742958E-004
2.0464153284234868E-004
1.1445395777539072E-003
6.2686227752649696E-004
3.4331871650246587E-004
6.9008985175093374E-004
4.7832113747750424E-004
2.0502409625329507E-004
5.0982184582108660E-004
2.4474992429469899E-004
1.2485191387450164E-004
7.9280543595320422E-005
2.4563920399532288E-004
1.7982921193507743E-004
4.1947656603634134E-004
1.9759094925659145E-004
1.3256188164912315E-004
4.1752917730500720E-005
1.6196721887693540E-004
9.6704717085744721E-005
3.8977352636698911E-005
1.4129547377347272E-005
9.1701645537575849E-005
3.4015477917051811E-005
2.1450551411179730E-005
2.3874615709837873E-005
8.0173565420893299E-005
3.2782799989468257E-005
9.1203687405896948E-005
4.8713069186142078E-005
1.6996902797587252E-005
1.5049097652307443E-005
2.8300233350654019E-005
5.0865762823471011E-005
4.5246178747747757E-005
9.5762526775444299E-006
4.5632633810742415E-005
1.5550657698065255E-005
1.5384186689778712E-005
6.5739099435338459E-006
3.4306227811411221E-005
2.0666386502143700E-005
1.0045793645268295E-005
1.0246315811457794E-005
1.7336697528538139E-005
2.3648980475932884E-006
5.8017749845349174E-006
6.3756371777974435E-006
1.0202647172145860E-005
4.2747712836950535E-006
5.4250197049632434E-006
5.7369625504554066E-006
1.3372084657599780E-005
3.7809110212944902E-006
7.6150041593448257E-006
9.5718556457159882E-006
5.4806312672709494E-006
1.9904104597405562E-006
1.0926174364305616E-005
1.8852111449062308E-005
7.5899475894608568E-006
4.8622964937122165E-006
5.5480832354196444E-006
2.4940175254555658E-006
4.3385256462082686E-006
3.6343920889704367E-006
1.4946294345425350E-005
5.0220332931960431E-006
3.8244295297024656E-006
2.0204054536553735E-006
4.3772310930003933E-006
3.3645244832939820E-006
3.4904266629861297E-006
1.0782628231464347E-006
2.8836503951603511E-006
3.2978682180746926E-006
6.4509952852160824E-007
5.4381206303087468E-007
1.4270401184625894E-006
3.8065935356323673E-007
7.2141499075091636E-007
1.6242035485324644E-006
2.7543118828654908E-006
7.9118833302808790E-007
6.8786158374344187E-007
1.1527996166053718E-006
8.4764784192584751E-007
3.9202859874404374E-007
1.0188045455250606E-006
1.1996157761912964E-006
6.4389725342251505E-007
4.5974857815021388E-007
1.0719427539937052E-006
7.2047028614149995E-007
1.2213241221959377E-006
1.1152861798789259E-006
1.7017452625708568E-006
6.0869449655672525E-007
9.2737881020845831E-007
4.0799609218172611E-007
4.9993450560968043E-007
2.0229658849505859E-007
1.2468834079632600E-006
6.1332886813541232E-007
1.4535295753940156E-007
1.3806807253895088E-007
9.3651050745223486E-007
2.0567508787324421E-007
2.0783644634220791E-007
1.9954559938555403E-007
5.4077194620688902E-007
1.0462003500221115E-007
2.8390019163979675E-007
2.0083253980512819E-007
1.0858714757549139E-007
4.7698697065100631E-008
1.1716567974651210E-007
2.4990122780858976E-007
1.1476773393836103E-007
5.1731604151972920E-008
1.5944353984655914E-007
2.2985757306454415E-007
3.1585018980728853E-007
7.0133938889856086E-008
2.7362874388268715E-007
2.6415696274854038E-007
1.4337481198885549E-007
1.3588246555292457E-007
1.1360706089090495E-007
6.7152158614138560E-008
2.1603758103867566E-008
1.1715633677319349E-007
7.4195847175904919E-008
4.0557615862886795E-008
2.5135002733069777E-008
7.4915759889476914E-008
5.3702717776566411E-008
2.0146601878471541E-008
4.3325603912435203E-008
3.8443499452366666E-008
4.2692393920666731E-008
2.6806307623186201E-008
5.2492543278324825E-008
2.6242294025237107E-008
2.6509481109343927E-008
3.2245475585847722E-008
4.3908253021820697E-008
1.6344810387387591E-008
2.3749347310558510E-008
4.6507826075605664E-008
2.5281693347066793E-008
1.0017904519746145E-008
2.5972887507701176E-008
1.0842351312954451E-008
1.2406747270791714E-008
1.0313208753268737E-008
1.5362043415136230E-008
4.4182814552343458E-009
