-303.7445382344852
-303.9212053434739
-304.0004799982891
-304.0076882253168
-304.0142388107341
-304.0351954480922
-304.0869390475834
-304.1295977711226
-304.1643778439247
-304.2024212141345
-304.2197879436276
-304.2359421913068
-304.2521363477891
-304.2564473240380
-304.2615857955525
-304.2673952924333
-304.2688413475494
-304.2692177421092
-304.2699937505213
-304.2705141583563
-304.2707186672557
-304.2708657502482
-304.2715421497161
-304.2718002038906
-304.2718977501515
-304.2719901589612
-304.2720481604258
-304.2720787427706
-304.2721569144647
-304.2721875111119
-304.2722021322325
-304.2722103555741
-304.2722345743410
-304.2722550448986
-304.2722921330028
-304.2723039760948
-304.2723105949167
-304.2723137790321
-304.2723262771634
-304.2723345637676
-304.2723380009807
-304.2723396006758
-304.2723497635495
-304.2723540067840
-304.2723583101950
-304.2723622023909
-304.2723721095009
-304.2723754084435
-304.2723821059067
-304.2723851924301
-304.2723867343546
-304.2723879629860
-304.2723906519535
-304.2723933213385
-304.2723961453559
-304.2723966591362
-304.2723980561516
-304.2723984993386
-304.2723989304808
-304.2723992395067
-304.2724007028672
-304.2724013096899
-304.2724014874324
-304.2724015555614
-304.2724016878164
-304.2724017149340
-304.2724018214809
-304.2724019487935
-304.2724021253253
-304.2724022041830
-304.2724023027598
-304.2724023977726
-304.2724026425061
-304.2724027165678
-304.2724028308159
-304.2724029646470
-304.2724030506571
-304.2724030920598
-304.2724033759127
-304.2724037604600
-304.2724038702680
-304.2724039275307
-304.2724039661109
-304.2724040078617
-304.2724040465908
-304.2724041046019
-304.2724042630072
-304.2724042937780
-304.2724043089271
-304.2724043181158
-304.2724043326979
-304.2724043427635
-304.2724043505876
-304.2724043545667
-304.2724043646591
-304.2724043755141
-304.2724043769021
-304.2724043786351
-304.2724043807767
-304.2724043816711
-304.2724043837092
-304.2724043897543
-304.2724043983850
-304.2724044005846
-304.2724044021726
-304.2724044036785
-304.2724044049462
-304.2724044053926
-304.2724044069699
-304.2724044095989
-304.2724044111334
-304.2724044124672
-304.2724044152429
-304.2724044171057
-304.2724044201253
-304.2724044222278
-304.2724044242277
-304.2724044247911
-304.2724044254054
-304.2724044258960
-304.2724044263280
-304.2724044265337
-304.2724044274279
-304.2724044277819
-304.2724044278879
-304.2724044280257
-304.2724044287526
-304.2724044288573
-304.2724044289691
-304.2724044290527
-304.2724044291926
-304.2724044292231
-304.2724044292660
-304.2724044292804
-304.2724044292955
-304.2724044293105
-304.2724044293761
-304.2724044295190
-304.2724044295911
-304.2724044296219
-304.2724044297119
-304.2724044298733
-304.2724044300265
-304.2724044300670
-304.2724044301970
-304.2724044302785
-304.2724044303109
-304.2724044303384
-304.2724044303557
-304.2724044303650
-304.2724044303650
-304.2724044303671
-304.2724044303795
-304.2724044303796
-304.2724044303809
-304.2724044303910
-304.2724044303909
-304.2724044303955
-304.2724044304023
-304.2724044304105
-304.2724044304115
-304.2724044304148
-304.2724044304223
-304.2724044304259
-304.2724044304263
-304.2724044304271
-304.2724044304305
-304.2724044304334
-304.2724044304308
-304.2724044304352
-304.2724044304354
-304.2724044304375
-304.2724044304382
-304.2724044304356
-304.2724044304380
-304.2724044304341
-304.2724044304369
-304.2724044304354
