-303.7445382344864
-303.9212053434738
-304.0004799982888
-304.0076882253186
-304.0142388107430
-304.0351954481043
-304.0869390475826
-304.1295977710982
-304.1643778438695
-304.2024212141167
-304.2197879436049
-304.2359421912630
-304.2521363477743
-304.2564473240386
-304.2615857955358
-304.2673952924164
-304.2688413475465
-304.2692177421058
-304.2699937505196
-304.2705141583514
-304.2707186672541
-304.2708657502448
-304.2715421497108
-304.2718002038863
-304.2718977501577
-304.2719901589593
-304.2720481604260
-304.2720787427714
-304.2721569144642
-304.2721875111091
-304.2722021322392
-304.2722103555852
-304.2722345743732
-304.2722550450644
-304.2722921333034
-304.2723039764495
-304.2723105949576
-304.2723137801696
-304.2723262840258
-304.2723345981007
-304.2723380191996
-304.2723396218682
-304.2723498470673
-304.2723540697556
-304.2723612185188
-304.2723697319794
-304.2723769737229
-304.2723796209524
-304.2723832470953
-304.2723852923518
-304.2723868479029
-304.2723880294155
-304.2723908895022
-304.2723940249895
-304.2723968922461
-304.2723972723633
-304.2723988722985
-304.2723997798406
-304.2724002103350
-304.2724004624665
-304.2724011320187
-304.2724015060395
-304.2724015948555
-304.2724016136837
-304.2724017733058
-304.2724018870512
-304.2724020307663
-304.2724020464207
-304.2724022218586
-304.2724023550721
-304.2724024798022
-304.2724025532916
-304.2724029028222
-304.2724031699867
-304.2724033006037
-304.2724035100305
-304.2724036632757
-304.2724038909383
-304.2724039558025
-304.2724040293035
-304.2724041183353
-304.2724042101565
-304.2724042310908
-304.2724042556342
-304.2724042788908
-304.2724043363049
-304.2724043422643
-304.2724043471182
-304.2724043546095
-304.2724043573923
-304.2724043599183
-304.2724043671316
-304.2724043736611
-304.2724043794884
-304.2724043804102
-304.2724043830120
-304.2724043875790
-304.2724043917930
-304.2724043936950
-304.2724043965771
-304.2724044031781
-304.2724044058936
-304.2724044070816
-304.2724044118480
-304.2724044152984
-304.2724044169232
-304.2724044177357
-304.2724044199308
-304.2724044212291
-304.2724044216990
-304.2724044222221
-304.2724044249063
-304.2724044257936
-304.2724044261438
-304.2724044263795
-304.2724044266642
-304.2724044269772
-304.2724044271698
-304.2724044274331
-304.2724044281562
-304.2724044283607
-304.2724044284972
-304.2724044286057
-304.2724044288613
-304.2724044289600
-304.2724044290468
-304.2724044292000
-304.2724044293767
-304.2724044294570
-304.2724044295550
-304.2724044296468
-304.2724044297688
-304.2724044297996
-304.2724044298686
-304.2724044299774
-304.2724044300460
-304.2724044300718
-304.2724044301380
-304.2724044301799
-304.2724044302171
-304.2724044302226
-304.2724044302428
-304.2724044302587
-304.2724044302639
-304.2724044302694
-304.2724044302961
-304.2724044303080
-304.2724044303208
-304.2724044303329
-304.2724044303454
-304.2724044303522
-304.2724044303712
-304.2724044303886
-304.2724044303922
-304.2724044303924
-304.2724044303989
-304.2724044304035
-304.2724044304052
-304.2724044304080
-304.2724044304099
-304.2724044304136
-304.2724044304138
-304.2724044304192
