0.000000000000000
3.8846489040220470E-003
1.3145734877282880E-003
2.6312770213779348E-004
3.5006595846386293E-005
1.7416511924875412E-005
4.2198273149549471E-006
7.6052176519611654E-007
1.4172538003283003E-007
4.0405677452309795E-008
5.8539775205549081E-009
5.8539775205549081E-009
5.8539775205549081E-009
5.8539775205549081E-009
5.8539775205549081E-009
5.8539775205549081E-009
5.8539775205549081E-009
5.8539775205549081E-009
5.8539775205549081E-009
5.8539775205549081E-009
5.8539775205549081E-009
5.8539775205549081E-009
5.8539775205549081E-009
5.8539775205549081E-009
5.8539775205549081E-009
5.8539775205549081E-009
5.8539775205549081E-009
5.8539775205549081E-009
5.8539775205549081E-009
5.8539775205549081E-009
5.8539775205549081E-009
5.8539775205549081E-009
5.8539775205549081E-009
5.8539775205549081E-009
5.8539775205549081E-009
5.8539775205549081E-009
5.8539775205549081E-009
5.8539775205549081E-009
5.8539775205549081E-009
5.8539775205549081E-009
5.8539775205549081E-009
5.8539775205549081E-009
5.8539775205549081E-009
5.8539775205549081E-009
5.8539775205549081E-009
5.8539775205549081E-009
5.8539775205549081E-009
5.8539775205549081E-009
5.8539775205549081E-009
5.8539775205549081E-009
5.8539775205549081E-009
5.8539775205549081E-009
5.8539775205549081E-009
5.8539775205549081E-009
5.8539775205549081E-009
5.8539775205549081E-009
5.8539775205549081E-009
5.8539775205549081E-009
5.8539775205549081E-009
5.8539775205549081E-009
5.8539775205549081E-009
5.8539775205549081E-009
5.8539775205549081E-009
5.8539775205549081E-009
5.8539775205549081E-009
5.8539775205549081E-009
5.8539775205549081E-009
5.8539775205549081E-009
5.8539775205549081E-009
5.8539775205549081E-009
5.8539775205549081E-009
5.8539775205549081E-009
5.8539775205549081E-009
5.8539775205549081E-009
5.8539775205549081E-009
5.8539775205549081E-009
5.8539775205549081E-009
5.8539775205549081E-009
5.8539775205549081E-009
5.8539775205549081E-009
5.8539775205549081E-009
5.8539775205549081E-009
5.8539775205549081E-009
5.8539775205549081E-009
5.8539775205549081E-009
5.8539775205549081E-009
5.8539775205549081E-009
5.8539775205549081E-009
5.8539775205549081E-009
5.8539775205549081E-009
5.8539775205549081E-009
5.8539775205549081E-009
5.8539775205549081E-009
5.8539775205549081E-009
5.8539775205549081E-009
5.8539775205549081E-009
5.8539775205549081E-009
5.8539775205549081E-009
5.8539775205549081E-009
5.8539775205549081E-009
5.8539775205549081E-009
5.8539775205549081E-009
5.8539775205549081E-009
5.8539775205549081E-009
5.8539775205549081E-009
5.8539775205549081E-009
5.8539775205549081E-009
5.8539775205549081E-009
5.8539775205549081E-009
5.8539775205549081E-009
5.8539775205549081E-009
5.8539775205549081E-009
5.8539775205549081E-009
5.8539775205549081E-009
5.8539775205549081E-009
5.8539775205549081E-009
5.8539775205549081E-009
5.8539775205549081E-009
5.8539775205549081E-009
5.8539775205549081E-009
5.8539775205549081E-009
5.8539775205549081E-009
5.8539775205549081E-009
5.8539775205549081E-009
5.8539775205549081E-009
5.8539775205549081E-009
5.8539775205549081E-009
5.8539775205549081E-009
5.8539775205549081E-009
5.8539775205549081E-009
5.8539775205549081E-009
5.8539775205549081E-009
5.8539775205549081E-009
5.8539775205549081E-009
5.8539775205549081E-009
5.8539775205549081E-009
5.8539775205549081E-009
5.8539775205549081E-009
5.8539775205549081E-009
5.8539775205549081E-009
5.8539775205549081E-009
5.8539775205549081E-009
5.8539775205549081E-009
5.8539775205549081E-009
5.8539775205549081E-009
5.8539775205549081E-009
5.8539775205549081E-009
5.8539775205549081E-009
5.8539775205549081E-009
5.8539775205549081E-009
5.8539775205549081E-009
5.8539775205549081E-009
5.8539775205549081E-009
5.8539775205549081E-009
5.8539775205549081E-009
5.8539775205549081E-009
5.8539775205549081E-009
5.8539775205549081E-009
5.8539775205549081E-009
5.8539775205549081E-009
5.8539775205549081E-009
5.8539775205549081E-009
5.8539775205549081E-009
5.8539775205549081E-009
5.8539775205549081E-009
5.8539775205549081E-009
5.8539775205549081E-009
5.8539775205549081E-009
5.8539775205549081E-009
5.8539775205549081E-009
5.8539775205549081E-009
5.8539775205549081E-009
5.8539775205549081E-009
5.8539775205549081E-009
5.8539775205549081E-009
5.8539775205549081E-009
5.8539775205549081E-009
5.8539775205549081E-009
5.8539775205549081E-009
5.8539775205549081E-009
5.8539775205549081E-009
5.8539775205549081E-009
5.8539775205549081E-009
5.8539775205549081E-009
5.8539775205549081E-009
5.8539775205549081E-009
5.8539775205549081E-009
5.8539775205549081E-009
5.8539775205549081E-009
5.8539775205549081E-009
5.8539775205549081E-009
5.8539775205549081E-009
5.8539775205549081E-009
5.8539775205549081E-009
5.8539775205549081E-009
5.8539775205549081E-009
5.8539775205549081E-009
5.8539775205549081E-009
5.8539775205549081E-009
5.8539775205549081E-009
5.8539775205549081E-009
5.8539775205549081E-009
5.8539775205549081E-009
5.8539775205549081E-009
5.8539775205549081E-009
5.8539775205549081E-009
5.8539775205549081E-009
5.8539775205549081E-009
5.8539775205549081E-009
5.8539775205549081E-009
5.8539775205549081E-009
5.8539775205549081E-009
5.8539775205549081E-009
5.8539775205549081E-009
5.8539775205549081E-009
5.8539775205549081E-009
5.8539775205549081E-009
5.8539775205549081E-009
5.8539775205549081E-009
5.8539775205549081E-009
5.8539775205549081E-009
5.8539775205549081E-009
5.8539775205549081E-009
5.8539775205549081E-009
5.8539775205549081E-009
5.8539775205549081E-009
5.8539775205549081E-009
5.8539775205549081E-009
5.8539775205549081E-009
5.8539775205549081E-009
5.8539775205549081E-009
5.8539775205549081E-009
5.8539775205549081E-009
5.8539775205549081E-009
5.8539775205549081E-009
5.8539775205549081E-009
5.8539775205549081E-009
5.8539775205549081E-009
5.8539775205549081E-009
5.8539775205549081E-009
5.8539775205549081E-009
5.8539775205549081E-009
5.8539775205549081E-009
5.8539775205549081E-009
5.8539775205549081E-009
5.8539775205549081E-009
5.8539775205549081E-009
5.8539775205549081E-009
5.8539775205549081E-009
5.8539775205549081E-009
5.8539775205549081E-009
5.8539775205549081E-009
5.8539775205549081E-009
5.8539775205549081E-009
5.8539775205549081E-009
5.8539775205549081E-009
5.8539775205549081E-009
5.8539775205549081E-009
5.8539775205549081E-009
5.8539775205549081E-009
5.8539775205549081E-009
5.8539775205549081E-009
5.8539775205549081E-009
5.8539775205549081E-009
5.8539775205549081E-009
5.8539775205549081E-009
5.8539775205549081E-009
5.8539775205549081E-009
5.8539775205549081E-009
5.8539775205549081E-009
5.8539775205549081E-009
5.8539775205549081E-009
5.8539775205549081E-009
5.8539775205549081E-009
5.8539775205549081E-009
5.8539775205549081E-009
5.8539775205549081E-009
5.8539775205549081E-009
5.8539775205549081E-009
5.8539775205549081E-009
5.8539775205549081E-009
5.8539775205549081E-009
5.8539775205549081E-009
5.8539775205549081E-009
5.8539775205549081E-009
5.8539775205549081E-009
5.8539775205549081E-009
5.8539775205549081E-009
5.8539775205549081E-009
5.8539775205549081E-009
5.8539775205549081E-009
5.8539775205549081E-009
5.8539775205549081E-009
5.8539775205549081E-009
5.8539775205549081E-009
5.8539775205549081E-009
5.8539775205549081E-009
5.8539775205549081E-009
5.8539775205549081E-009
5.8539775205549081E-009
5.8539775205549081E-009
5.8539775205549081E-009
5.8539775205549081E-009
5.8539775205549081E-009
5.8539775205549081E-009
5.8539775205549081E-009
5.8539775205549081E-009
5.8539775205549081E-009
5.8539775205549081E-009
5.8539775205549081E-009
5.8539775205549081E-009
5.8539775205549081E-009
5.8539775205549081E-009
5.8539775205549081E-009
5.8539775205549081E-009
5.8539775205549081E-009
5.8539775205549081E-009
5.8539775205549081E-009
5.8539775205549081E-009
5.8539775205549081E-009
5.8539775205549081E-009
5.8539775205549081E-009
5.8539775205549081E-009
5.8539775205549081E-009
5.8539775205549081E-009
5.8539775205549081E-009
5.8539775205549081E-009
5.8539775205549081E-009
5.8539775205549081E-009
5.8539775205549081E-009
5.8539775205549081E-009
5.8539775205549081E-009
5.8539775205549081E-009
5.8539775205549081E-009
5.8539775205549081E-009
5.8539775205549081E-009
5.8539775205549081E-009
5.8539775205549081E-009
5.8539775205549081E-009
5.8539775205549081E-009
5.8539775205549081E-009
5.8539775205549081E-009
5.8539775205549081E-009
5.8539775205549081E-009
5.8539775205549081E-009
5.8539775205549081E-009
5.8539775205549081E-009
5.8539775205549081E-009
5.8539775205549081E-009
5.8539775205549081E-009
5.8539775205549081E-009
5.8539775205549081E-009
5.8539775205549081E-009
5.8539775205549081E-009
5.8539775205549081E-009
5.8539775205549081E-009
5.8539775205549081E-009
5.8539775205549081E-009
5.8539775205549081E-009
5.8539775205549081E-009
5.8539775205549081E-009
5.8539775205549081E-009
5.8539775205549081E-009
5.8539775205549081E-009
5.8539775205549081E-009
5.8539775205549081E-009
5.8539775205549081E-009
5.8539775205549081E-009
5.8539775205549081E-009
5.8539775205549081E-009
5.8539775205549081E-009
5.8539775205549081E-009
5.8539775205549081E-009
5.8539775205549081E-009
5.8539775205549081E-009
5.8539775205549081E-009
5.8539775205549081E-009
5.8539775205549081E-009
5.8539775205549081E-009
5.8539775205549081E-009
5.8539775205549081E-009
5.8539775205549081E-009
5.8539775205549081E-009
5.8539775205549081E-009
5.8539775205549081E-009
5.8539775205549081E-009
5.8539775205549081E-009
5.8539775205549081E-009
5.8539775205549081E-009
5.8539775205549081E-009
5.8539775205549081E-009
5.8539775205549081E-009
5.8539775205549081E-009
5.8539775205549081E-009
5.8539775205549081E-009
5.8539775205549081E-009
5.8539775205549081E-009
5.8539775205549081E-009
5.8539775205549081E-009
5.8539775205549081E-009
5.8539775205549081E-009
5.8539775205549081E-009
5.8539775205549081E-009
5.8539775205549081E-009
5.8539775205549081E-009
5.8539775205549081E-009
5.8539775205549081E-009
5.8539775205549081E-009
5.8539775205549081E-009
5.8539775205549081E-009
5.8539775205549081E-009
5.8539775205549081E-009
5.8539775205549081E-009
5.8539775205549081E-009
5.8539775205549081E-009
5.8539775205549081E-009
5.8539775205549081E-009
5.8539775205549081E-009
5.8539775205549081E-009
5.8539775205549081E-009
5.8539775205549081E-009
5.8539775205549081E-009
5.8539775205549081E-009
5.8539775205549081E-009
5.8539775205549081E-009
5.8539775205549081E-009
5.8539775205549081E-009
5.8539775205549081E-009
5.8539775205549081E-009
5.8539775205549081E-009
5.8539775205549081E-009
5.8539775205549081E-009
5.8539775205549081E-009
5.8539775205549081E-009
5.8539775205549081E-009
5.8539775205549081E-009
5.8539775205549081E-009
5.8539775205549081E-009
5.8539775205549081E-009
5.8539775205549081E-009
5.8539775205549081E-009
5.8539775205549081E-009
5.8539775205549081E-009
5.8539775205549081E-009
5.8539775205549081E-009
5.8539775205549081E-009
5.8539775205549081E-009
5.8539775205549081E-009
5.8539775205549081E-009
5.8539775205549081E-009
5.8539775205549081E-009
5.8539775205549081E-009
5.8539775205549081E-009
5.8539775205549081E-009
5.8539775205549081E-009
5.8539775205549081E-009
5.8539775205549081E-009
5.8539775205549081E-009
5.8539775205549081E-009
5.8539775205549081E-009
5.8539775205549081E-009
5.8539775205549081E-009
5.8539775205549081E-009
5.8539775205549081E-009
5.8539775205549081E-009
5.8539775205549081E-009
5.8539775205549081E-009
5.8539775205549081E-009
5.8539775205549081E-009
5.8539775205549081E-009
5.8539775205549081E-009
5.8539775205549081E-009
5.8539775205549081E-009
5.8539775205549081E-009
5.8539775205549081E-009
5.8539775205549081E-009
5.8539775205549081E-009
5.8539775205549081E-009
5.8539775205549081E-009
5.8539775205549081E-009
5.8539775205549081E-009
5.8539775205549081E-009
5.8539775205549081E-009
5.8539775205549081E-009
5.8539775205549081E-009
5.8539775205549081E-009
5.8539775205549081E-009
5.8539775205549081E-009
5.8539775205549081E-009
5.8539775205549081E-009
5.8539775205549081E-009
5.8539775205549081E-009
5.8539775205549081E-009
5.8539775205549081E-009
5.8539775205549081E-009
5.8539775205549081E-009
5.8539775205549081E-009
5.8539775205549081E-009
5.8539775205549081E-009
5.8539775205549081E-009
5.8539775205549081E-009
5.8539775205549081E-009
5.8539775205549081E-009
5.8539775205549081E-009
5.8539775205549081E-009
5.8539775205549081E-009
5.8539775205549081E-009
5.8539775205549081E-009
5.8539775205549081E-009
5.8539775205549081E-009
5.8539775205549081E-009
5.8539775205549081E-009
5.8539775205549081E-009
5.8539775205549081E-009
5.8539775205549081E-009
5.8539775205549081E-009
5.8539775205549081E-009
5.8539775205549081E-009
5.8539775205549081E-009
5.8539775205549081E-009
5.8539775205549081E-009
5.8539775205549081E-009
5.8539775205549081E-009
5.8539775205549081E-009
5.8539775205549081E-009
5.8539775205549081E-009
5.8539775205549081E-009
5.8539775205549081E-009
5.8539775205549081E-009
5.8539775205549081E-009
5.8539775205549081E-009
5.8539775205549081E-009
5.8539775205549081E-009
5.8539775205549081E-009
5.8539775205549081E-009
5.8539775205549081E-009
5.8539775205549081E-009
5.8539775205549081E-009
5.8539775205549081E-009
5.8539775205549081E-009
5.8539775205549081E-009
5.8539775205549081E-009
5.8539775205549081E-009
5.8539775205549081E-009
5.8539775205549081E-009
5.8539775205549081E-009
5.8539775205549081E-009
5.8539775205549081E-009
5.8539775205549081E-009
5.8539775205549081E-009
5.8539775205549081E-009
5.8539775205549081E-009
5.8539775205549081E-009
5.8539775205549081E-009
5.8539775205549081E-009
5.8539775205549081E-009
5.8539775205549081E-009
5.8539775205549081E-009
5.8539775205549081E-009
5.8539775205549081E-009
5.8539775205549081E-009
5.8539775205549081E-009
5.8539775205549081E-009
5.8539775205549081E-009
5.8539775205549081E-009
5.8539775205549081E-009
5.8539775205549081E-009
5.8539775205549081E-009
5.8539775205549081E-009
5.8539775205549081E-009
5.8539775205549081E-009
5.8539775205549081E-009
5.8539775205549081E-009
5.8539775205549081E-009
5.8539775205549081E-009
5.8539775205549081E-009
5.8539775205549081E-009
5.8539775205549081E-009
5.8539775205549081E-009
5.8539775205549081E-009
5.8539775205549081E-009
5.8539775205549081E-009
5.8539775205549081E-009
5.8539775205549081E-009
5.8539775205549081E-009
5.8539775205549081E-009
5.8539775205549081E-009
5.8539775205549081E-009
5.8539775205549081E-009
1.3861168568349283E-002
8.2365863702825166E-004
8.4564164415975869E-005
8.2243783445224167E-006
3.7364335464492784E-006
8.5155633823823144E-007
2.7371888025309011E-007
7.0050847948368777E-008
2.2273845375204856E-008
3.5010938939928018E-009
3.5010938939928018E-009
3.5010938939928018E-009
3.5010938939928018E-009
3.5010938939928018E-009
3.5010938939928018E-009
3.5010938939928018E-009
3.5010938939928018E-009
3.5010938939928018E-009
3.5010938939928018E-009
3.5010938939928018E-009
3.5010938939928018E-009
3.5010938939928018E-009
3.5010938939928018E-009
3.5010938939928018E-009
3.5010938939928018E-009
3.5010938939928018E-009
3.5010938939928018E-009
3.5010938939928018E-009
3.5010938939928018E-009
3.5010938939928018E-009
3.5010938939928018E-009
3.5010938939928018E-009
3.5010938939928018E-009
3.5010938939928018E-009
3.5010938939928018E-009
3.5010938939928018E-009
3.5010938939928018E-009
3.5010938939928018E-009
3.5010938939928018E-009
3.5010938939928018E-009
3.5010938939928018E-009
3.5010938939928018E-009
3.5010938939928018E-009
3.5010938939928018E-009
3.5010938939928018E-009
3.5010938939928018E-009
3.5010938939928018E-009
3.5010938939928018E-009
3.5010938939928018E-009
3.5010938939928018E-009
3.5010938939928018E-009
3.5010938939928018E-009
3.5010938939928018E-009
3.5010938939928018E-009
3.5010938939928018E-009
3.5010938939928018E-009
3.5010938939928018E-009
3.5010938939928018E-009
3.5010938939928018E-009
3.5010938939928018E-009
3.5010938939928018E-009
3.5010938939928018E-009
3.5010938939928018E-009
3.5010938939928018E-009
3.5010938939928018E-009
3.5010938939928018E-009
3.5010938939928018E-009
3.5010938939928018E-009
3.5010938939928018E-009
3.5010938939928018E-009
3.5010938939928018E-009
3.5010938939928018E-009
3.5010938939928018E-009
3.5010938939928018E-009
3.5010938939928018E-009
3.5010938939928018E-009
3.5010938939928018E-009
3.5010938939928018E-009
3.5010938939928018E-009
3.5010938939928018E-009
3.5010938939928018E-009
3.5010938939928018E-009
3.5010938939928018E-009
3.5010938939928018E-009
3.5010938939928018E-009
3.5010938939928018E-009
3.5010938939928018E-009
3.5010938939928018E-009
3.5010938939928018E-009
3.5010938939928018E-009
3.5010938939928018E-009
3.5010938939928018E-009
3.5010938939928018E-009
3.5010938939928018E-009
3.5010938939928018E-009
3.5010938939928018E-009
3.5010938939928018E-009
3.5010938939928018E-009
3.5010938939928018E-009
3.5010938939928018E-009
3.5010938939928018E-009
3.5010938939928018E-009
3.5010938939928018E-009
3.5010938939928018E-009
3.5010938939928018E-009
3.5010938939928018E-009
3.5010938939928018E-009
3.5010938939928018E-009
3.5010938939928018E-009
3.5010938939928018E-009
3.5010938939928018E-009
3.5010938939928018E-009
3.5010938939928018E-009
3.5010938939928018E-009
3.5010938939928018E-009
3.5010938939928018E-009
3.5010938939928018E-009
3.5010938939928018E-009
3.5010938939928018E-009
3.5010938939928018E-009
3.5010938939928018E-009
3.5010938939928018E-009
3.5010938939928018E-009
3.5010938939928018E-009
3.5010938939928018E-009
3.5010938939928018E-009
3.5010938939928018E-009
3.5010938939928018E-009
3.5010938939928018E-009
3.5010938939928018E-009
3.5010938939928018E-009
3.5010938939928018E-009
3.5010938939928018E-009
3.5010938939928018E-009
3.5010938939928018E-009
3.5010938939928018E-009
3.5010938939928018E-009
3.5010938939928018E-009
3.5010938939928018E-009
3.5010938939928018E-009
3.5010938939928018E-009
3.5010938939928018E-009
3.5010938939928018E-009
3.5010938939928018E-009
3.5010938939928018E-009
3.5010938939928018E-009
3.5010938939928018E-009
3.5010938939928018E-009
3.5010938939928018E-009
3.5010938939928018E-009
3.5010938939928018E-009
3.5010938939928018E-009
3.5010938939928018E-009
3.5010938939928018E-009
3.5010938939928018E-009
3.5010938939928018E-009
3.5010938939928018E-009
3.5010938939928018E-009
3.5010938939928018E-009
3.5010938939928018E-009
3.5010938939928018E-009
3.5010938939928018E-009
3.5010938939928018E-009
3.5010938939928018E-009
3.5010938939928018E-009
3.5010938939928018E-009
3.5010938939928018E-009
3.5010938939928018E-009
3.5010938939928018E-009
3.5010938939928018E-009
3.5010938939928018E-009
3.5010938939928018E-009
3.5010938939928018E-009
3.5010938939928018E-009
3.5010938939928018E-009
3.5010938939928018E-009
3.5010938939928018E-009
3.5010938939928018E-009
3.5010938939928018E-009
3.5010938939928018E-009
3.5010938939928018E-009
3.5010938939928018E-009
3.5010938939928018E-009
3.5010938939928018E-009
3.5010938939928018E-009
3.5010938939928018E-009
3.5010938939928018E-009
3.5010938939928018E-009
3.5010938939928018E-009
3.5010938939928018E-009
3.5010938939928018E-009
3.5010938939928018E-009
3.5010938939928018E-009
3.5010938939928018E-009
3.5010938939928018E-009
3.5010938939928018E-009
3.5010938939928018E-009
3.5010938939928018E-009
3.5010938939928018E-009
3.5010938939928018E-009
3.5010938939928018E-009
3.5010938939928018E-009
3.5010938939928018E-009
3.5010938939928018E-009
3.5010938939928018E-009
3.5010938939928018E-009
3.5010938939928018E-009
3.5010938939928018E-009
3.5010938939928018E-009
3.5010938939928018E-009
3.5010938939928018E-009
3.5010938939928018E-009
3.5010938939928018E-009
3.5010938939928018E-009
3.5010938939928018E-009
3.5010938939928018E-009
3.5010938939928018E-009
3.5010938939928018E-009
3.5010938939928018E-009
3.5010938939928018E-009
3.5010938939928018E-009
3.5010938939928018E-009
3.5010938939928018E-009
3.5010938939928018E-009
3.5010938939928018E-009
3.5010938939928018E-009
3.5010938939928018E-009
3.5010938939928018E-009
3.5010938939928018E-009
3.5010938939928018E-009
3.5010938939928018E-009
3.5010938939928018E-009
3.5010938939928018E-009
3.5010938939928018E-009
3.5010938939928018E-009
3.5010938939928018E-009
3.5010938939928018E-009
3.5010938939928018E-009
3.5010938939928018E-009
3.5010938939928018E-009
3.5010938939928018E-009
3.5010938939928018E-009
3.5010938939928018E-009
3.5010938939928018E-009
3.5010938939928018E-009
3.5010938939928018E-009
3.5010938939928018E-009
3.5010938939928018E-009
3.5010938939928018E-009
3.5010938939928018E-009
3.5010938939928018E-009
3.5010938939928018E-009
3.5010938939928018E-009
3.5010938939928018E-009
3.5010938939928018E-009
3.5010938939928018E-009
3.5010938939928018E-009
3.5010938939928018E-009
3.5010938939928018E-009
3.5010938939928018E-009
3.5010938939928018E-009
3.5010938939928018E-009
3.5010938939928018E-009
3.5010938939928018E-009
3.5010938939928018E-009
3.5010938939928018E-009
3.5010938939928018E-009
3.5010938939928018E-009
3.5010938939928018E-009
3.5010938939928018E-009
3.5010938939928018E-009
3.5010938939928018E-009
3.5010938939928018E-009
3.5010938939928018E-009
3.5010938939928018E-009
3.5010938939928018E-009
3.5010938939928018E-009
3.5010938939928018E-009
3.5010938939928018E-009
3.5010938939928018E-009
3.5010938939928018E-009
3.5010938939928018E-009
3.5010938939928018E-009
3.5010938939928018E-009
3.5010938939928018E-009
3.5010938939928018E-009
3.5010938939928018E-009
3.5010938939928018E-009
3.5010938939928018E-009
3.5010938939928018E-009
3.5010938939928018E-009
3.5010938939928018E-009
3.5010938939928018E-009
3.5010938939928018E-009
3.5010938939928018E-009
3.5010938939928018E-009
3.5010938939928018E-009
3.5010938939928018E-009
3.5010938939928018E-009
3.5010938939928018E-009
3.5010938939928018E-009
3.5010938939928018E-009
3.5010938939928018E-009
3.5010938939928018E-009
3.5010938939928018E-009
3.5010938939928018E-009
3.5010938939928018E-009
3.5010938939928018E-009
3.5010938939928018E-009
3.5010938939928018E-009
3.5010938939928018E-009
3.5010938939928018E-009
3.5010938939928018E-009
3.5010938939928018E-009
3.5010938939928018E-009
3.5010938939928018E-009
3.5010938939928018E-009
3.5010938939928018E-009
3.5010938939928018E-009
3.5010938939928018E-009
3.5010938939928018E-009
3.5010938939928018E-009
3.5010938939928018E-009
3.5010938939928018E-009
3.5010938939928018E-009
3.5010938939928018E-009
3.5010938939928018E-009
3.5010938939928018E-009
3.5010938939928018E-009
3.5010938939928018E-009
3.5010938939928018E-009
3.5010938939928018E-009
3.5010938939928018E-009
3.5010938939928018E-009
3.5010938939928018E-009
3.5010938939928018E-009
3.5010938939928018E-009
3.5010938939928018E-009
3.5010938939928018E-009
3.5010938939928018E-009
3.5010938939928018E-009
3.5010938939928018E-009
3.5010938939928018E-009
3.5010938939928018E-009
3.5010938939928018E-009
3.5010938939928018E-009
3.5010938939928018E-009
3.5010938939928018E-009
3.5010938939928018E-009
3.5010938939928018E-009
3.5010938939928018E-009
3.5010938939928018E-009
3.5010938939928018E-009
3.5010938939928018E-009
3.5010938939928018E-009
3.5010938939928018E-009
3.5010938939928018E-009
3.5010938939928018E-009
3.5010938939928018E-009
3.5010938939928018E-009
3.5010938939928018E-009
3.5010938939928018E-009
3.5010938939928018E-009
3.5010938939928018E-009
3.5010938939928018E-009
3.5010938939928018E-009
3.5010938939928018E-009
3.5010938939928018E-009
3.5010938939928018E-009
3.5010938939928018E-009
3.5010938939928018E-009
3.5010938939928018E-009
3.5010938939928018E-009
3.5010938939928018E-009
3.5010938939928018E-009
3.5010938939928018E-009
3.5010938939928018E-009
3.5010938939928018E-009
3.5010938939928018E-009
3.5010938939928018E-009
3.5010938939928018E-009
3.5010938939928018E-009
3.5010938939928018E-009
3.5010938939928018E-009
3.5010938939928018E-009
3.5010938939928018E-009
3.5010938939928018E-009
3.5010938939928018E-009
3.5010938939928018E-009
3.5010938939928018E-009
3.5010938939928018E-009
3.5010938939928018E-009
3.5010938939928018E-009
3.5010938939928018E-009
3.5010938939928018E-009
3.5010938939928018E-009
3.5010938939928018E-009
3.5010938939928018E-009
3.5010938939928018E-009
3.5010938939928018E-009
3.5010938939928018E-009
3.5010938939928018E-009
3.5010938939928018E-009
3.5010938939928018E-009
3.5010938939928018E-009
3.5010938939928018E-009
3.5010938939928018E-009
3.5010938939928018E-009
3.5010938939928018E-009
3.5010938939928018E-009
3.5010938939928018E-009
3.5010938939928018E-009
3.5010938939928018E-009
3.5010938939928018E-009
3.5010938939928018E-009
3.5010938939928018E-009
3.5010938939928018E-009
3.5010938939928018E-009
3.5010938939928018E-009
1.3432701593573798E-002
5.9834957158064969E-005
9.2981880336393297E-006
3.0834280569482997E-006
5.3409929110513571E-007
2.1980624299057105E-007
6.1127262733065696E-008
2.5636603706884096E-008
3.8208359230439918E-009
3.8208359230439918E-009
3.8208359230439918E-009
3.8208359230439918E-009
3.8208359230439918E-009
3.8208359230439918E-009
3.8208359230439918E-009
3.8208359230439918E-009
3.8208359230439918E-009
3.8208359230439918E-009
3.8208359230439918E-009
3.8208359230439918E-009
3.8208359230439918E-009
3.8208359230439918E-009
3.8208359230439918E-009
3.8208359230439918E-009
3.8208359230439918E-009
3.8208359230439918E-009
3.8208359230439918E-009
3.8208359230439918E-009
3.8208359230439918E-009
3.8208359230439918E-009
3.8208359230439918E-009
3.8208359230439918E-009
3.8208359230439918E-009
3.8208359230439918E-009
3.8208359230439918E-009
3.8208359230439918E-009
3.8208359230439918E-009
3.8208359230439918E-009
3.8208359230439918E-009
3.8208359230439918E-009
3.8208359230439918E-009
3.8208359230439918E-009
3.8208359230439918E-009
3.8208359230439918E-009
3.8208359230439918E-009
3.8208359230439918E-009
3.8208359230439918E-009
3.8208359230439918E-009
3.8208359230439918E-009
3.8208359230439918E-009
3.8208359230439918E-009
3.8208359230439918E-009
3.8208359230439918E-009
3.8208359230439918E-009
3.8208359230439918E-009
3.8208359230439918E-009
3.8208359230439918E-009
3.8208359230439918E-009
3.8208359230439918E-009
3.8208359230439918E-009
3.8208359230439918E-009
3.8208359230439918E-009
3.8208359230439918E-009
3.8208359230439918E-009
3.8208359230439918E-009
3.8208359230439918E-009
3.8208359230439918E-009
3.8208359230439918E-009
3.8208359230439918E-009
3.8208359230439918E-009
3.8208359230439918E-009
3.8208359230439918E-009
3.8208359230439918E-009
3.8208359230439918E-009
3.8208359230439918E-009
3.8208359230439918E-009
3.8208359230439918E-009
3.8208359230439918E-009
3.8208359230439918E-009
3.8208359230439918E-009
3.8208359230439918E-009
3.8208359230439918E-009
3.8208359230439918E-009
3.8208359230439918E-009
3.8208359230439918E-009
3.8208359230439918E-009
3.8208359230439918E-009
3.8208359230439918E-009
3.8208359230439918E-009
3.8208359230439918E-009
3.8208359230439918E-009
3.8208359230439918E-009
3.8208359230439918E-009
3.8208359230439918E-009
3.8208359230439918E-009
3.8208359230439918E-009
3.8208359230439918E-009
3.8208359230439918E-009
3.8208359230439918E-009
3.8208359230439918E-009
3.8208359230439918E-009
3.8208359230439918E-009
3.8208359230439918E-009
3.8208359230439918E-009
3.8208359230439918E-009
3.8208359230439918E-009
3.8208359230439918E-009
3.8208359230439918E-009
3.8208359230439918E-009
3.8208359230439918E-009
3.8208359230439918E-009
3.8208359230439918E-009
3.8208359230439918E-009
3.8208359230439918E-009
3.8208359230439918E-009
3.8208359230439918E-009
3.8208359230439918E-009
3.8208359230439918E-009
3.8208359230439918E-009
3.8208359230439918E-009
3.8208359230439918E-009
3.8208359230439918E-009
3.8208359230439918E-009
3.8208359230439918E-009
3.8208359230439918E-009
3.8208359230439918E-009
3.8208359230439918E-009
3.8208359230439918E-009
3.8208359230439918E-009
3.8208359230439918E-009
3.8208359230439918E-009
3.8208359230439918E-009
3.8208359230439918E-009
3.8208359230439918E-009
3.8208359230439918E-009
3.8208359230439918E-009
3.8208359230439918E-009
3.8208359230439918E-009
3.8208359230439918E-009
3.8208359230439918E-009
3.8208359230439918E-009
3.8208359230439918E-009
3.8208359230439918E-009
3.8208359230439918E-009
3.8208359230439918E-009
3.8208359230439918E-009
3.8208359230439918E-009
3.8208359230439918E-009
3.8208359230439918E-009
3.8208359230439918E-009
3.8208359230439918E-009
3.8208359230439918E-009
3.8208359230439918E-009
3.8208359230439918E-009
3.8208359230439918E-009
3.8208359230439918E-009
3.8208359230439918E-009
3.8208359230439918E-009
3.8208359230439918E-009
3.8208359230439918E-009
3.8208359230439918E-009
3.8208359230439918E-009
3.8208359230439918E-009
3.8208359230439918E-009
3.8208359230439918E-009
3.8208359230439918E-009
3.8208359230439918E-009
3.8208359230439918E-009
3.8208359230439918E-009
3.8208359230439918E-009
3.8208359230439918E-009
3.8208359230439918E-009
3.8208359230439918E-009
3.8208359230439918E-009
3.8208359230439918E-009
3.8208359230439918E-009
3.8208359230439918E-009
3.8208359230439918E-009
3.8208359230439918E-009
3.8208359230439918E-009
3.8208359230439918E-009
3.8208359230439918E-009
3.8208359230439918E-009
3.8208359230439918E-009
3.8208359230439918E-009
3.8208359230439918E-009
3.8208359230439918E-009
3.8208359230439918E-009
3.8208359230439918E-009
3.8208359230439918E-009
3.8208359230439918E-009
3.8208359230439918E-009
3.8208359230439918E-009
3.8208359230439918E-009
3.8208359230439918E-009
3.8208359230439918E-009
3.8208359230439918E-009
3.8208359230439918E-009
3.8208359230439918E-009
3.8208359230439918E-009
3.8208359230439918E-009
3.8208359230439918E-009
3.8208359230439918E-009
3.8208359230439918E-009
3.8208359230439918E-009
3.8208359230439918E-009
3.8208359230439918E-009
3.8208359230439918E-009
3.8208359230439918E-009
3.8208359230439918E-009
3.8208359230439918E-009
3.8208359230439918E-009
3.8208359230439918E-009
3.8208359230439918E-009
3.8208359230439918E-009
3.8208359230439918E-009
3.8208359230439918E-009
3.8208359230439918E-009
3.8208359230439918E-009
3.8208359230439918E-009
3.8208359230439918E-009
3.8208359230439918E-009
3.8208359230439918E-009
3.8208359230439918E-009
3.8208359230439918E-009
3.8208359230439918E-009
3.8208359230439918E-009
3.8208359230439918E-009
3.8208359230439918E-009
3.8208359230439918E-009
3.8208359230439918E-009
3.8208359230439918E-009
3.8208359230439918E-009
3.8208359230439918E-009
3.8208359230439918E-009
3.8208359230439918E-009
3.8208359230439918E-009
3.8208359230439918E-009
3.8208359230439918E-009
3.8208359230439918E-009
3.8208359230439918E-009
3.8208359230439918E-009
3.8208359230439918E-009
3.8208359230439918E-009
3.8208359230439918E-009
3.8208359230439918E-009
3.8208359230439918E-009
3.8208359230439918E-009
3.8208359230439918E-009
3.8208359230439918E-009
3.8208359230439918E-009
3.8208359230439918E-009
3.8208359230439918E-009
3.8208359230439918E-009
3.8208359230439918E-009
3.8208359230439918E-009
3.8208359230439918E-009
3.8208359230439918E-009
3.8208359230439918E-009
3.8208359230439918E-009
3.8208359230439918E-009
3.8208359230439918E-009
3.8208359230439918E-009
3.8208359230439918E-009
3.8208359230439918E-009
3.8208359230439918E-009
3.8208359230439918E-009
3.8208359230439918E-009
3.8208359230439918E-009
3.8208359230439918E-009
3.8208359230439918E-009
3.8208359230439918E-009
3.8208359230439918E-009
3.8208359230439918E-009
3.8208359230439918E-009
3.8208359230439918E-009
3.8208359230439918E-009
3.8208359230439918E-009
3.8208359230439918E-009
3.8208359230439918E-009
3.8208359230439918E-009
3.8208359230439918E-009
3.8208359230439918E-009
3.8208359230439918E-009
3.8208359230439918E-009
3.8208359230439918E-009
3.8208359230439918E-009
3.8208359230439918E-009
3.8208359230439918E-009
3.8208359230439918E-009
3.8208359230439918E-009
3.8208359230439918E-009
3.8208359230439918E-009
3.8208359230439918E-009
3.8208359230439918E-009
3.8208359230439918E-009
3.8208359230439918E-009
3.8208359230439918E-009
3.8208359230439918E-009
3.8208359230439918E-009
3.8208359230439918E-009
3.8208359230439918E-009
3.8208359230439918E-009
3.8208359230439918E-009
3.8208359230439918E-009
3.8208359230439918E-009
3.8208359230439918E-009
3.8208359230439918E-009
3.8208359230439918E-009
3.8208359230439918E-009
3.8208359230439918E-009
3.8208359230439918E-009
3.8208359230439918E-009
3.8208359230439918E-009
3.8208359230439918E-009
3.8208359230439918E-009
3.8208359230439918E-009
3.8208359230439918E-009
3.8208359230439918E-009
3.8208359230439918E-009
3.8208359230439918E-009
3.8208359230439918E-009
3.8208359230439918E-009
1.3398214449839086E-002
1.5719733696821485E-005
4.5350522127483137E-006
1.6337267670886273E-006
3.0598784986227333E-007
1.4980924126767196E-007
3.9609887031245731E-008
1.3341351150623736E-008
2.0576013644792110E-009
2.0576013644792110E-009
2.0576013644792110E-009
2.0576013644792110E-009
2.0576013644792110E-009
2.0576013644792110E-009
2.0576013644792110E-009
2.0576013644792110E-009
2.0576013644792110E-009
2.0576013644792110E-009
2.0576013644792110E-009
2.0576013644792110E-009
2.0576013644792110E-009
2.0576013644792110E-009
2.0576013644792110E-009
2.0576013644792110E-009
2.0576013644792110E-009
2.0576013644792110E-009
2.0576013644792110E-009
2.0576013644792110E-009
2.0576013644792110E-009
2.0576013644792110E-009
2.0576013644792110E-009
2.0576013644792110E-009
2.0576013644792110E-009
2.0576013644792110E-009
2.0576013644792110E-009
2.0576013644792110E-009
2.0576013644792110E-009
2.0576013644792110E-009
2.0576013644792110E-009
2.0576013644792110E-009
2.0576013644792110E-009
2.0576013644792110E-009
2.0576013644792110E-009
2.0576013644792110E-009
2.0576013644792110E-009
2.0576013644792110E-009
2.0576013644792110E-009
2.0576013644792110E-009
2.0576013644792110E-009
2.0576013644792110E-009
2.0576013644792110E-009
2.0576013644792110E-009
2.0576013644792110E-009
2.0576013644792110E-009
2.0576013644792110E-009
2.0576013644792110E-009
2.0576013644792110E-009
2.0576013644792110E-009
2.0576013644792110E-009
2.0576013644792110E-009
2.0576013644792110E-009
2.0576013644792110E-009
2.0576013644792110E-009
2.0576013644792110E-009
2.0576013644792110E-009
2.0576013644792110E-009
2.0576013644792110E-009
2.0576013644792110E-009
2.0576013644792110E-009
2.0576013644792110E-009
2.0576013644792110E-009
2.0576013644792110E-009
2.0576013644792110E-009
2.0576013644792110E-009
2.0576013644792110E-009
2.0576013644792110E-009
2.0576013644792110E-009
2.0576013644792110E-009
2.0576013644792110E-009
2.0576013644792110E-009
2.0576013644792110E-009
2.0576013644792110E-009
2.0576013644792110E-009
2.0576013644792110E-009
2.0576013644792110E-009
2.0576013644792110E-009
2.0576013644792110E-009
2.0576013644792110E-009
2.0576013644792110E-009
2.0576013644792110E-009
2.0576013644792110E-009
2.0576013644792110E-009
2.0576013644792110E-009
2.0576013644792110E-009
2.0576013644792110E-009
2.0576013644792110E-009
2.0576013644792110E-009
2.0576013644792110E-009
2.0576013644792110E-009
2.0576013644792110E-009
2.0576013644792110E-009
2.0576013644792110E-009
2.0576013644792110E-009
2.0576013644792110E-009
2.0576013644792110E-009
2.0576013644792110E-009
2.0576013644792110E-009
2.0576013644792110E-009
2.0576013644792110E-009
2.0576013644792110E-009
2.0576013644792110E-009
2.0576013644792110E-009
2.0576013644792110E-009
2.0576013644792110E-009
2.0576013644792110E-009
2.0576013644792110E-009
2.0576013644792110E-009
2.0576013644792110E-009
2.0576013644792110E-009
2.0576013644792110E-009
2.0576013644792110E-009
2.0576013644792110E-009
2.0576013644792110E-009
2.0576013644792110E-009
2.0576013644792110E-009
2.0576013644792110E-009
2.0576013644792110E-009
2.0576013644792110E-009
2.0576013644792110E-009
2.0576013644792110E-009
2.0576013644792110E-009
2.0576013644792110E-009
2.0576013644792110E-009
2.0576013644792110E-009
2.0576013644792110E-009
2.0576013644792110E-009
2.0576013644792110E-009
2.0576013644792110E-009
2.0576013644792110E-009
2.0576013644792110E-009
2.0576013644792110E-009
2.0576013644792110E-009
2.0576013644792110E-009
2.0576013644792110E-009
2.0576013644792110E-009
2.0576013644792110E-009
2.0576013644792110E-009
2.0576013644792110E-009
2.0576013644792110E-009
2.0576013644792110E-009
2.0576013644792110E-009
2.0576013644792110E-009
2.0576013644792110E-009
2.0576013644792110E-009
2.0576013644792110E-009
2.0576013644792110E-009
2.0576013644792110E-009
2.0576013644792110E-009
2.0576013644792110E-009
2.0576013644792110E-009
2.0576013644792110E-009
2.0576013644792110E-009
2.0576013644792110E-009
2.0576013644792110E-009
2.0576013644792110E-009
2.0576013644792110E-009
2.0576013644792110E-009
2.0576013644792110E-009
2.0576013644792110E-009
2.0576013644792110E-009
2.0576013644792110E-009
2.0576013644792110E-009
2.0576013644792110E-009
2.0576013644792110E-009
2.0576013644792110E-009
2.0576013644792110E-009
2.0576013644792110E-009
2.0576013644792110E-009
2.0576013644792110E-009
2.0576013644792110E-009
2.0576013644792110E-009
2.0576013644792110E-009
2.0576013644792110E-009
2.0576013644792110E-009
2.0576013644792110E-009
2.0576013644792110E-009
2.0576013644792110E-009
2.0576013644792110E-009
2.0576013644792110E-009
2.0576013644792110E-009
2.0576013644792110E-009
2.0576013644792110E-009
2.0576013644792110E-009
2.0576013644792110E-009
2.0576013644792110E-009
2.0576013644792110E-009
2.0576013644792110E-009
2.0576013644792110E-009
2.0576013644792110E-009
2.0576013644792110E-009
2.0576013644792110E-009
2.0576013644792110E-009
2.0576013644792110E-009
2.0576013644792110E-009
2.0576013644792110E-009
2.0576013644792110E-009
2.0576013644792110E-009
2.0576013644792110E-009
2.0576013644792110E-009
2.0576013644792110E-009
2.0576013644792110E-009
2.0576013644792110E-009
2.0576013644792110E-009
2.0576013644792110E-009
2.0576013644792110E-009
2.0576013644792110E-009
2.0576013644792110E-009
2.0576013644792110E-009
2.0576013644792110E-009
2.0576013644792110E-009
2.0576013644792110E-009
2.0576013644792110E-009
2.0576013644792110E-009
2.0576013644792110E-009
2.0576013644792110E-009
2.0576013644792110E-009
2.0576013644792110E-009
2.0576013644792110E-009
2.0576013644792110E-009
2.0576013644792110E-009
2.0576013644792110E-009
2.0576013644792110E-009
2.0576013644792110E-009
2.0576013644792110E-009
2.0576013644792110E-009
2.0576013644792110E-009
2.0576013644792110E-009
2.0576013644792110E-009
2.0576013644792110E-009
2.0576013644792110E-009
2.0576013644792110E-009
2.0576013644792110E-009
2.0576013644792110E-009
2.0576013644792110E-009
2.0576013644792110E-009
2.0576013644792110E-009
2.0576013644792110E-009
2.0576013644792110E-009
2.0576013644792110E-009
2.0576013644792110E-009
2.0576013644792110E-009
2.0576013644792110E-009
2.0576013644792110E-009
2.0576013644792110E-009
2.0576013644792110E-009
2.0576013644792110E-009
2.0576013644792110E-009
2.0576013644792110E-009
2.0576013644792110E-009
2.0576013644792110E-009
2.0576013644792110E-009
2.0576013644792110E-009
2.0576013644792110E-009
2.0576013644792110E-009
2.0576013644792110E-009
2.0576013644792110E-009
2.0576013644792110E-009
2.0576013644792110E-009
2.0576013644792110E-009
2.0576013644792110E-009
2.0576013644792110E-009
2.0576013644792110E-009
2.0576013644792110E-009
2.0576013644792110E-009
2.0576013644792110E-009
2.0576013644792110E-009
2.0576013644792110E-009
2.0576013644792110E-009
2.0576013644792110E-009
2.0576013644792110E-009
2.0576013644792110E-009
2.0576013644792110E-009
2.0576013644792110E-009
2.0576013644792110E-009
2.0576013644792110E-009
2.0576013644792110E-009
2.0576013644792110E-009
1.3390673448983386E-002
7.7494895825118194E-006
2.3604406367903409E-006
8.6931537444690957E-007
1.7035959624619311E-007
8.3572235677520698E-008
2.0674945850395430E-008
7.8369849041726723E-009
7.8369849041726723E-009
7.8369849041726723E-009
7.8369849041726723E-009
7.8369849041726723E-009
7.8369849041726723E-009
7.8369849041726723E-009
7.8369849041726723E-009
7.8369849041726723E-009
7.8369849041726723E-009
7.8369849041726723E-009
7.8369849041726723E-009
7.8369849041726723E-009
7.8369849041726723E-009
7.8369849041726723E-009
7.8369849041726723E-009
7.8369849041726723E-009
7.8369849041726723E-009
7.8369849041726723E-009
7.8369849041726723E-009
7.8369849041726723E-009
7.8369849041726723E-009
7.8369849041726723E-009
7.8369849041726723E-009
7.8369849041726723E-009
7.8369849041726723E-009
7.8369849041726723E-009
7.8369849041726723E-009
7.8369849041726723E-009
7.8369849041726723E-009
7.8369849041726723E-009
7.8369849041726723E-009
7.8369849041726723E-009
7.8369849041726723E-009
7.8369849041726723E-009
7.8369849041726723E-009
7.8369849041726723E-009
7.8369849041726723E-009
7.8369849041726723E-009
7.8369849041726723E-009
7.8369849041726723E-009
7.8369849041726723E-009
7.8369849041726723E-009
7.8369849041726723E-009
7.8369849041726723E-009
7.8369849041726723E-009
7.8369849041726723E-009
7.8369849041726723E-009
7.8369849041726723E-009
7.8369849041726723E-009
7.8369849041726723E-009
7.8369849041726723E-009
7.8369849041726723E-009
7.8369849041726723E-009
7.8369849041726723E-009
7.8369849041726723E-009
7.8369849041726723E-009
7.8369849041726723E-009
7.8369849041726723E-009
7.8369849041726723E-009
7.8369849041726723E-009
7.8369849041726723E-009
7.8369849041726723E-009
7.8369849041726723E-009
7.8369849041726723E-009
7.8369849041726723E-009
7.8369849041726723E-009
7.8369849041726723E-009
7.8369849041726723E-009
7.8369849041726723E-009
7.8369849041726723E-009
7.8369849041726723E-009
7.8369849041726723E-009
7.8369849041726723E-009
7.8369849041726723E-009
7.8369849041726723E-009
7.8369849041726723E-009
7.8369849041726723E-009
7.8369849041726723E-009
7.8369849041726723E-009
7.8369849041726723E-009
7.8369849041726723E-009
7.8369849041726723E-009
7.8369849041726723E-009
7.8369849041726723E-009
7.8369849041726723E-009
7.8369849041726723E-009
7.8369849041726723E-009
7.8369849041726723E-009
7.8369849041726723E-009
7.8369849041726723E-009
7.8369849041726723E-009
7.8369849041726723E-009
7.8369849041726723E-009
7.8369849041726723E-009
7.8369849041726723E-009
7.8369849041726723E-009
7.8369849041726723E-009
7.8369849041726723E-009
7.8369849041726723E-009
7.8369849041726723E-009
7.8369849041726723E-009
7.8369849041726723E-009
7.8369849041726723E-009
7.8369849041726723E-009
7.8369849041726723E-009
7.8369849041726723E-009
7.8369849041726723E-009
7.8369849041726723E-009
7.8369849041726723E-009
7.8369849041726723E-009
7.8369849041726723E-009
7.8369849041726723E-009
7.8369849041726723E-009
7.8369849041726723E-009
7.8369849041726723E-009
7.8369849041726723E-009
7.8369849041726723E-009
7.8369849041726723E-009
7.8369849041726723E-009
7.8369849041726723E-009
7.8369849041726723E-009
7.8369849041726723E-009
7.8369849041726723E-009
7.8369849041726723E-009
7.8369849041726723E-009
7.8369849041726723E-009
7.8369849041726723E-009
7.8369849041726723E-009
7.8369849041726723E-009
7.8369849041726723E-009
7.8369849041726723E-009
7.8369849041726723E-009
7.8369849041726723E-009
7.8369849041726723E-009
7.8369849041726723E-009
7.8369849041726723E-009
7.8369849041726723E-009
7.8369849041726723E-009
7.8369849041726723E-009
7.8369849041726723E-009
7.8369849041726723E-009
7.8369849041726723E-009
7.8369849041726723E-009
7.8369849041726723E-009
7.8369849041726723E-009
7.8369849041726723E-009
7.8369849041726723E-009
7.8369849041726723E-009
7.8369849041726723E-009
7.8369849041726723E-009
7.8369849041726723E-009
7.8369849041726723E-009
7.8369849041726723E-009
7.8369849041726723E-009
7.8369849041726723E-009
7.8369849041726723E-009
7.8369849041726723E-009
7.8369849041726723E-009
7.8369849041726723E-009
7.8369849041726723E-009
7.8369849041726723E-009
7.8369849041726723E-009
7.8369849041726723E-009
7.8369849041726723E-009
7.8369849041726723E-009
7.8369849041726723E-009
7.8369849041726723E-009
7.8369849041726723E-009
7.8369849041726723E-009
7.8369849041726723E-009
7.8369849041726723E-009
7.8369849041726723E-009
7.8369849041726723E-009
7.8369849041726723E-009
7.8369849041726723E-009
7.8369849041726723E-009
7.8369849041726723E-009
7.8369849041726723E-009
7.8369849041726723E-009
7.8369849041726723E-009
7.8369849041726723E-009
7.8369849041726723E-009
7.8369849041726723E-009
7.8369849041726723E-009
7.8369849041726723E-009
7.8369849041726723E-009
7.8369849041726723E-009
7.8369849041726723E-009
7.8369849041726723E-009
7.8369849041726723E-009
7.8369849041726723E-009
7.8369849041726723E-009
7.8369849041726723E-009
7.8369849041726723E-009
7.8369849041726723E-009
7.8369849041726723E-009
7.8369849041726723E-009
7.8369849041726723E-009
7.8369849041726723E-009
7.8369849041726723E-009
7.8369849041726723E-009
7.8369849041726723E-009
7.8369849041726723E-009
7.8369849041726723E-009
7.8369849041726723E-009
7.8369849041726723E-009
7.8369849041726723E-009
7.8369849041726723E-009
7.8369849041726723E-009
7.8369849041726723E-009
7.8369849041726723E-009
7.8369849041726723E-009
7.8369849041726723E-009
7.8369849041726723E-009
7.8369849041726723E-009
7.8369849041726723E-009
7.8369849041726723E-009
7.8369849041726723E-009
7.8369849041726723E-009
7.8369849041726723E-009
7.8369849041726723E-009
7.8369849041726723E-009
7.8369849041726723E-009
7.8369849041726723E-009
7.8369849041726723E-009
7.8369849041726723E-009
7.8369849041726723E-009
7.8369849041726723E-009
7.8369849041726723E-009
7.8369849041726723E-009
7.8369849041726723E-009
7.8369849041726723E-009
7.8369849041726723E-009
7.8369849041726723E-009
7.8369849041726723E-009
7.8369849041726723E-009
7.8369849041726723E-009
7.8369849041726723E-009
7.8369849041726723E-009
7.8369849041726723E-009
7.8369849041726723E-009
7.8369849041726723E-009
7.8369849041726723E-009
7.8369849041726723E-009
7.8369849041726723E-009
7.8369849041726723E-009
7.8369849041726723E-009
7.8369849041726723E-009
7.8369849041726723E-009
7.8369849041726723E-009
1.3387375784906397E-002
4.0962423451760563E-006
1.2332407467535505E-006
4.6656498041420189E-007
1.0001032255640675E-007
4.7988818941060886E-008
1.1064021607075477E-008
4.8345438963383677E-009
4.8345438963383677E-009
4.8345438963383677E-009
4.8345438963383677E-009
4.8345438963383677E-009
4.8345438963383677E-009
4.8345438963383677E-009
4.8345438963383677E-009
4.8345438963383677E-009
4.8345438963383677E-009
4.8345438963383677E-009
4.8345438963383677E-009
4.8345438963383677E-009
4.8345438963383677E-009
4.8345438963383677E-009
4.8345438963383677E-009
4.8345438963383677E-009
4.8345438963383677E-009
4.8345438963383677E-009
4.8345438963383677E-009
4.8345438963383677E-009
4.8345438963383677E-009
4.8345438963383677E-009
4.8345438963383677E-009
4.8345438963383677E-009
4.8345438963383677E-009
4.8345438963383677E-009
4.8345438963383677E-009
4.8345438963383677E-009
4.8345438963383677E-009
4.8345438963383677E-009
4.8345438963383677E-009
4.8345438963383677E-009
4.8345438963383677E-009
4.8345438963383677E-009
4.8345438963383677E-009
4.8345438963383677E-009
4.8345438963383677E-009
4.8345438963383677E-009
4.8345438963383677E-009
4.8345438963383677E-009
4.8345438963383677E-009
4.8345438963383677E-009
4.8345438963383677E-009
4.8345438963383677E-009
4.8345438963383677E-009
4.8345438963383677E-009
4.8345438963383677E-009
4.8345438963383677E-009
4.8345438963383677E-009
4.8345438963383677E-009
4.8345438963383677E-009
4.8345438963383677E-009
4.8345438963383677E-009
4.8345438963383677E-009
4.8345438963383677E-009
4.8345438963383677E-009
4.8345438963383677E-009
4.8345438963383677E-009
4.8345438963383677E-009
4.8345438963383677E-009
4.8345438963383677E-009
4.8345438963383677E-009
4.8345438963383677E-009
4.8345438963383677E-009
4.8345438963383677E-009
4.8345438963383677E-009
4.8345438963383677E-009
4.8345438963383677E-009
4.8345438963383677E-009
4.8345438963383677E-009
4.8345438963383677E-009
4.8345438963383677E-009
4.8345438963383677E-009
4.8345438963383677E-009
4.8345438963383677E-009
4.8345438963383677E-009
4.8345438963383677E-009
4.8345438963383677E-009
4.8345438963383677E-009
4.8345438963383677E-009
4.8345438963383677E-009
4.8345438963383677E-009
4.8345438963383677E-009
4.8345438963383677E-009
4.8345438963383677E-009
4.8345438963383677E-009
4.8345438963383677E-009
4.8345438963383677E-009
4.8345438963383677E-009
4.8345438963383677E-009
4.8345438963383677E-009
4.8345438963383677E-009
4.8345438963383677E-009
4.8345438963383677E-009
4.8345438963383677E-009
4.8345438963383677E-009
4.8345438963383677E-009
4.8345438963383677E-009
4.8345438963383677E-009
4.8345438963383677E-009
4.8345438963383677E-009
4.8345438963383677E-009
4.8345438963383677E-009
4.8345438963383677E-009
4.8345438963383677E-009
4.8345438963383677E-009
4.8345438963383677E-009
4.8345438963383677E-009
4.8345438963383677E-009
4.8345438963383677E-009
4.8345438963383677E-009
4.8345438963383677E-009
4.8345438963383677E-009
4.8345438963383677E-009
4.8345438963383677E-009
4.8345438963383677E-009
4.8345438963383677E-009
4.8345438963383677E-009
4.8345438963383677E-009
4.8345438963383677E-009
4.8345438963383677E-009
4.8345438963383677E-009
4.8345438963383677E-009
4.8345438963383677E-009
4.8345438963383677E-009
4.8345438963383677E-009
4.8345438963383677E-009
4.8345438963383677E-009
4.8345438963383677E-009
4.8345438963383677E-009
4.8345438963383677E-009
4.8345438963383677E-009
4.8345438963383677E-009
4.8345438963383677E-009
4.8345438963383677E-009
4.8345438963383677E-009
4.8345438963383677E-009
4.8345438963383677E-009
4.8345438963383677E-009
4.8345438963383677E-009
4.8345438963383677E-009
4.8345438963383677E-009
4.8345438963383677E-009
4.8345438963383677E-009
4.8345438963383677E-009
4.8345438963383677E-009
4.8345438963383677E-009
4.8345438963383677E-009
4.8345438963383677E-009
4.8345438963383677E-009
4.8345438963383677E-009
4.8345438963383677E-009
4.8345438963383677E-009
4.8345438963383677E-009
4.8345438963383677E-009
4.8345438963383677E-009
4.8345438963383677E-009
4.8345438963383677E-009
4.8345438963383677E-009
4.8345438963383677E-009
4.8345438963383677E-009
4.8345438963383677E-009
4.8345438963383677E-009
4.8345438963383677E-009
4.8345438963383677E-009
4.8345438963383677E-009
4.8345438963383677E-009
4.8345438963383677E-009
4.8345438963383677E-009
4.8345438963383677E-009
4.8345438963383677E-009
4.8345438963383677E-009
4.8345438963383677E-009
4.8345438963383677E-009
4.8345438963383677E-009
4.8345438963383677E-009
4.8345438963383677E-009
4.8345438963383677E-009
4.8345438963383677E-009
4.8345438963383677E-009
4.8345438963383677E-009
4.8345438963383677E-009
4.8345438963383677E-009
4.8345438963383677E-009
4.8345438963383677E-009
4.8345438963383677E-009
4.8345438963383677E-009
4.8345438963383677E-009
4.8345438963383677E-009
4.8345438963383677E-009
4.8345438963383677E-009
4.8345438963383677E-009
4.8345438963383677E-009
4.8345438963383677E-009
4.8345438963383677E-009
4.8345438963383677E-009
4.8345438963383677E-009
4.8345438963383677E-009
4.8345438963383677E-009
4.8345438963383677E-009
4.8345438963383677E-009
4.8345438963383677E-009
4.8345438963383677E-009
4.8345438963383677E-009
4.8345438963383677E-009
4.8345438963383677E-009
4.8345438963383677E-009
4.8345438963383677E-009
4.8345438963383677E-009
4.8345438963383677E-009
4.8345438963383677E-009
4.8345438963383677E-009
4.8345438963383677E-009
4.8345438963383677E-009
4.8345438963383677E-009
4.8345438963383677E-009
4.8345438963383677E-009
4.8345438963383677E-009
4.8345438963383677E-009
4.8345438963383677E-009
4.8345438963383677E-009
4.8345438963383677E-009
1.3385681713568440E-002
2.2547345491309844E-006
6.5565375782603394E-007
2.5196380140891840E-007
6.3026714622842974E-008
2.9426155362911592E-008
6.3614772435393734E-009
6.3614772435393734E-009
6.3614772435393734E-009
6.3614772435393734E-009
6.3614772435393734E-009
6.3614772435393734E-009
6.3614772435393734E-009
6.3614772435393734E-009
6.3614772435393734E-009
6.3614772435393734E-009
6.3614772435393734E-009
6.3614772435393734E-009
6.3614772435393734E-009
6.3614772435393734E-009
6.3614772435393734E-009
6.3614772435393734E-009
6.3614772435393734E-009
6.3614772435393734E-009
6.3614772435393734E-009
6.3614772435393734E-009
6.3614772435393734E-009
6.3614772435393734E-009
6.3614772435393734E-009
6.3614772435393734E-009
6.3614772435393734E-009
6.3614772435393734E-009
6.3614772435393734E-009
6.3614772435393734E-009
6.3614772435393734E-009
6.3614772435393734E-009
6.3614772435393734E-009
6.3614772435393734E-009
6.3614772435393734E-009
6.3614772435393734E-009
6.3614772435393734E-009
6.3614772435393734E-009
6.3614772435393734E-009
6.3614772435393734E-009
6.3614772435393734E-009
6.3614772435393734E-009
6.3614772435393734E-009
6.3614772435393734E-009
6.3614772435393734E-009
6.3614772435393734E-009
6.3614772435393734E-009
6.3614772435393734E-009
6.3614772435393734E-009
6.3614772435393734E-009
6.3614772435393734E-009
6.3614772435393734E-009
6.3614772435393734E-009
6.3614772435393734E-009
6.3614772435393734E-009
6.3614772435393734E-009
6.3614772435393734E-009
6.3614772435393734E-009
6.3614772435393734E-009
6.3614772435393734E-009
6.3614772435393734E-009
6.3614772435393734E-009
6.3614772435393734E-009
6.3614772435393734E-009
6.3614772435393734E-009
6.3614772435393734E-009
6.3614772435393734E-009
6.3614772435393734E-009
6.3614772435393734E-009
6.3614772435393734E-009
6.3614772435393734E-009
6.3614772435393734E-009
6.3614772435393734E-009
6.3614772435393734E-009
6.3614772435393734E-009
6.3614772435393734E-009
6.3614772435393734E-009
6.3614772435393734E-009
6.3614772435393734E-009
6.3614772435393734E-009
6.3614772435393734E-009
6.3614772435393734E-009
6.3614772435393734E-009
6.3614772435393734E-009
6.3614772435393734E-009
6.3614772435393734E-009
6.3614772435393734E-009
6.3614772435393734E-009
6.3614772435393734E-009
6.3614772435393734E-009
6.3614772435393734E-009
6.3614772435393734E-009
6.3614772435393734E-009
6.3614772435393734E-009
6.3614772435393734E-009
6.3614772435393734E-009
6.3614772435393734E-009
6.3614772435393734E-009
6.3614772435393734E-009
6.3614772435393734E-009
6.3614772435393734E-009
6.3614772435393734E-009
6.3614772435393734E-009
6.3614772435393734E-009
6.3614772435393734E-009
6.3614772435393734E-009
6.3614772435393734E-009
6.3614772435393734E-009
6.3614772435393734E-009
6.3614772435393734E-009
6.3614772435393734E-009
6.3614772435393734E-009
6.3614772435393734E-009
6.3614772435393734E-009
6.3614772435393734E-009
6.3614772435393734E-009
6.3614772435393734E-009
6.3614772435393734E-009
6.3614772435393734E-009
6.3614772435393734E-009
6.3614772435393734E-009
6.3614772435393734E-009
6.3614772435393734E-009
6.3614772435393734E-009
6.3614772435393734E-009
6.3614772435393734E-009
6.3614772435393734E-009
6.3614772435393734E-009
6.3614772435393734E-009
6.3614772435393734E-009
6.3614772435393734E-009
6.3614772435393734E-009
6.3614772435393734E-009
6.3614772435393734E-009
6.3614772435393734E-009
6.3614772435393734E-009
6.3614772435393734E-009
6.3614772435393734E-009
6.3614772435393734E-009
6.3614772435393734E-009
6.3614772435393734E-009
6.3614772435393734E-009
6.3614772435393734E-009
6.3614772435393734E-009
6.3614772435393734E-009
6.3614772435393734E-009
6.3614772435393734E-009
6.3614772435393734E-009
6.3614772435393734E-009
6.3614772435393734E-009
6.3614772435393734E-009
6.3614772435393734E-009
6.3614772435393734E-009
6.3614772435393734E-009
6.3614772435393734E-009
6.3614772435393734E-009
6.3614772435393734E-009
6.3614772435393734E-009
6.3614772435393734E-009
6.3614772435393734E-009
6.3614772435393734E-009
6.3614772435393734E-009
6.3614772435393734E-009
6.3614772435393734E-009
6.3614772435393734E-009
6.3614772435393734E-009
6.3614772435393734E-009
6.3614772435393734E-009
6.3614772435393734E-009
6.3614772435393734E-009
6.3614772435393734E-009
6.3614772435393734E-009
6.3614772435393734E-009
6.3614772435393734E-009
6.3614772435393734E-009
6.3614772435393734E-009
6.3614772435393734E-009
6.3614772435393734E-009
6.3614772435393734E-009
6.3614772435393734E-009
6.3614772435393734E-009
6.3614772435393734E-009
6.3614772435393734E-009
6.3614772435393734E-009
6.3614772435393734E-009
6.3614772435393734E-009
6.3614772435393734E-009
6.3614772435393734E-009
6.3614772435393734E-009
6.3614772435393734E-009
6.3614772435393734E-009
6.3614772435393734E-009
6.3614772435393734E-009
6.3614772435393734E-009
6.3614772435393734E-009
1.3384775703481417E-002
1.2861219719139594E-006
3.6098501251338420E-007
1.3764583691674966E-007
4.1722735229990271E-008
1.9247867363389855E-008
4.0590296179304646E-009
4.0590296179304646E-009
4.0590296179304646E-009
4.0590296179304646E-009
4.0590296179304646E-009
4.0590296179304646E-009
4.0590296179304646E-009
4.0590296179304646E-009
4.0590296179304646E-009
4.0590296179304646E-009
4.0590296179304646E-009
4.0590296179304646E-009
4.0590296179304646E-009
4.0590296179304646E-009
4.0590296179304646E-009
4.0590296179304646E-009
4.0590296179304646E-009
4.0590296179304646E-009
4.0590296179304646E-009
4.0590296179304646E-009
4.0590296179304646E-009
4.0590296179304646E-009
4.0590296179304646E-009
4.0590296179304646E-009
4.0590296179304646E-009
4.0590296179304646E-009
4.0590296179304646E-009
4.0590296179304646E-009
4.0590296179304646E-009
4.0590296179304646E-009
4.0590296179304646E-009
4.0590296179304646E-009
4.0590296179304646E-009
4.0590296179304646E-009
4.0590296179304646E-009
4.0590296179304646E-009
4.0590296179304646E-009
4.0590296179304646E-009
4.0590296179304646E-009
4.0590296179304646E-009
4.0590296179304646E-009
4.0590296179304646E-009
4.0590296179304646E-009
4.0590296179304646E-009
4.0590296179304646E-009
4.0590296179304646E-009
4.0590296179304646E-009
4.0590296179304646E-009
4.0590296179304646E-009
4.0590296179304646E-009
4.0590296179304646E-009
4.0590296179304646E-009
4.0590296179304646E-009
4.0590296179304646E-009
4.0590296179304646E-009
4.0590296179304646E-009
4.0590296179304646E-009
4.0590296179304646E-009
4.0590296179304646E-009
4.0590296179304646E-009
4.0590296179304646E-009
4.0590296179304646E-009
4.0590296179304646E-009
4.0590296179304646E-009
4.0590296179304646E-009
4.0590296179304646E-009
4.0590296179304646E-009
4.0590296179304646E-009
4.0590296179304646E-009
4.0590296179304646E-009
4.0590296179304646E-009
4.0590296179304646E-009
4.0590296179304646E-009
4.0590296179304646E-009
4.0590296179304646E-009
4.0590296179304646E-009
4.0590296179304646E-009
4.0590296179304646E-009
4.0590296179304646E-009
4.0590296179304646E-009
4.0590296179304646E-009
4.0590296179304646E-009
4.0590296179304646E-009
4.0590296179304646E-009
4.0590296179304646E-009
4.0590296179304646E-009
4.0590296179304646E-009
4.0590296179304646E-009
4.0590296179304646E-009
4.0590296179304646E-009
4.0590296179304646E-009
4.0590296179304646E-009
4.0590296179304646E-009
4.0590296179304646E-009
4.0590296179304646E-009
4.0590296179304646E-009
4.0590296179304646E-009
4.0590296179304646E-009
4.0590296179304646E-009
4.0590296179304646E-009
4.0590296179304646E-009
4.0590296179304646E-009
4.0590296179304646E-009
4.0590296179304646E-009
4.0590296179304646E-009
4.0590296179304646E-009
4.0590296179304646E-009
4.0590296179304646E-009
4.0590296179304646E-009
4.0590296179304646E-009
4.0590296179304646E-009
4.0590296179304646E-009
4.0590296179304646E-009
4.0590296179304646E-009
4.0590296179304646E-009
4.0590296179304646E-009
4.0590296179304646E-009
4.0590296179304646E-009
4.0590296179304646E-009
4.0590296179304646E-009
4.0590296179304646E-009
4.0590296179304646E-009
4.0590296179304646E-009
4.0590296179304646E-009
4.0590296179304646E-009
4.0590296179304646E-009
4.0590296179304646E-009
4.0590296179304646E-009
4.0590296179304646E-009
4.0590296179304646E-009
4.0590296179304646E-009
4.0590296179304646E-009
4.0590296179304646E-009
4.0590296179304646E-009
4.0590296179304646E-009
4.0590296179304646E-009
4.0590296179304646E-009
4.0590296179304646E-009
4.0590296179304646E-009
4.0590296179304646E-009
4.0590296179304646E-009
4.0590296179304646E-009
4.0590296179304646E-009
4.0590296179304646E-009
4.0590296179304646E-009
4.0590296179304646E-009
4.0590296179304646E-009
4.0590296179304646E-009
4.0590296179304646E-009
4.0590296179304646E-009
4.0590296179304646E-009
4.0590296179304646E-009
4.0590296179304646E-009
4.0590296179304646E-009
4.0590296179304646E-009
4.0590296179304646E-009
4.0590296179304646E-009
4.0590296179304646E-009
4.0590296179304646E-009
4.0590296179304646E-009
4.0590296179304646E-009
4.0590296179304646E-009
4.0590296179304646E-009
4.0590296179304646E-009
4.0590296179304646E-009
4.0590296179304646E-009
4.0590296179304646E-009
4.0590296179304646E-009
4.0590296179304646E-009
4.0590296179304646E-009
4.0590296179304646E-009
4.0590296179304646E-009
4.0590296179304646E-009
4.0590296179304646E-009
4.0590296179304646E-009
4.0590296179304646E-009
4.0590296179304646E-009
4.0590296179304646E-009
4.0590296179304646E-009
4.0590296179304646E-009
4.0590296179304646E-009
4.0590296179304646E-009
4.0590296179304646E-009
1.3384294378828512E-002
7.7693260407691751E-007
2.0836835686140797E-007
7.5442851095050356E-008
2.7829507951904801E-008
1.2955637256082136E-008
2.8598850347703164E-009
2.8598850347703164E-009
2.8598850347703164E-009
2.8598850347703164E-009
2.8598850347703164E-009
2.8598850347703164E-009
2.8598850347703164E-009
2.8598850347703164E-009
2.8598850347703164E-009
2.8598850347703164E-009
2.8598850347703164E-009
2.8598850347703164E-009
2.8598850347703164E-009
2.8598850347703164E-009
2.8598850347703164E-009
2.8598850347703164E-009
2.8598850347703164E-009
2.8598850347703164E-009
2.8598850347703164E-009
2.8598850347703164E-009
2.8598850347703164E-009
2.8598850347703164E-009
2.8598850347703164E-009
2.8598850347703164E-009
2.8598850347703164E-009
2.8598850347703164E-009
2.8598850347703164E-009
2.8598850347703164E-009
2.8598850347703164E-009
2.8598850347703164E-009
2.8598850347703164E-009
2.8598850347703164E-009
2.8598850347703164E-009
2.8598850347703164E-009
2.8598850347703164E-009
2.8598850347703164E-009
2.8598850347703164E-009
2.8598850347703164E-009
2.8598850347703164E-009
2.8598850347703164E-009
2.8598850347703164E-009
2.8598850347703164E-009
2.8598850347703164E-009
2.8598850347703164E-009
2.8598850347703164E-009
2.8598850347703164E-009
2.8598850347703164E-009
2.8598850347703164E-009
2.8598850347703164E-009
2.8598850347703164E-009
2.8598850347703164E-009
2.8598850347703164E-009
2.8598850347703164E-009
2.8598850347703164E-009
2.8598850347703164E-009
2.8598850347703164E-009
2.8598850347703164E-009
2.8598850347703164E-009
2.8598850347703164E-009
2.8598850347703164E-009
2.8598850347703164E-009
2.8598850347703164E-009
2.8598850347703164E-009
2.8598850347703164E-009
2.8598850347703164E-009
2.8598850347703164E-009
2.8598850347703164E-009
2.8598850347703164E-009
2.8598850347703164E-009
2.8598850347703164E-009
2.8598850347703164E-009
2.8598850347703164E-009
2.8598850347703164E-009
2.8598850347703164E-009
2.8598850347703164E-009
2.8598850347703164E-009
2.8598850347703164E-009
2.8598850347703164E-009
2.8598850347703164E-009
2.8598850347703164E-009
2.8598850347703164E-009
2.8598850347703164E-009
2.8598850347703164E-009
2.8598850347703164E-009
2.8598850347703164E-009
2.8598850347703164E-009
2.8598850347703164E-009
2.8598850347703164E-009
2.8598850347703164E-009
2.8598850347703164E-009
2.8598850347703164E-009
2.8598850347703164E-009
2.8598850347703164E-009
2.8598850347703164E-009
2.8598850347703164E-009
2.8598850347703164E-009
2.8598850347703164E-009
2.8598850347703164E-009
2.8598850347703164E-009
2.8598850347703164E-009
2.8598850347703164E-009
2.8598850347703164E-009
2.8598850347703164E-009
2.8598850347703164E-009
2.8598850347703164E-009
2.8598850347703164E-009
2.8598850347703164E-009
2.8598850347703164E-009
2.8598850347703164E-009
2.8598850347703164E-009
2.8598850347703164E-009
2.8598850347703164E-009
2.8598850347703164E-009
2.8598850347703164E-009
2.8598850347703164E-009
2.8598850347703164E-009
2.8598850347703164E-009
2.8598850347703164E-009
2.8598850347703164E-009
2.8598850347703164E-009
2.8598850347703164E-009
2.8598850347703164E-009
2.8598850347703164E-009
2.8598850347703164E-009
2.8598850347703164E-009
2.8598850347703164E-009
2.8598850347703164E-009
2.8598850347703164E-009
2.8598850347703164E-009
2.8598850347703164E-009
2.8598850347703164E-009
2.8598850347703164E-009
2.8598850347703164E-009
2.8598850347703164E-009
2.8598850347703164E-009
2.8598850347703164E-009
2.8598850347703164E-009
2.8598850347703164E-009
2.8598850347703164E-009
2.8598850347703164E-009
2.8598850347703164E-009
2.8598850347703164E-009
2.8598850347703164E-009
2.8598850347703164E-009
2.8598850347703164E-009
1.3384029091252364E-002
4.9866471140172209E-007
1.3098606567335332E-007
4.3052041512427197E-008
1.8548708203988475E-008
8.6145178143977435E-009
8.6145178143977435E-009
8.6145178143977435E-009
8.6145178143977435E-009
8.6145178143977435E-009
8.6145178143977435E-009
8.6145178143977435E-009
8.6145178143977435E-009
8.6145178143977435E-009
8.6145178143977435E-009
8.6145178143977435E-009
8.6145178143977435E-009
8.6145178143977435E-009
8.6145178143977435E-009
8.6145178143977435E-009
8.6145178143977435E-009
8.6145178143977435E-009
8.6145178143977435E-009
8.6145178143977435E-009
8.6145178143977435E-009
8.6145178143977435E-009
8.6145178143977435E-009
8.6145178143977435E-009
8.6145178143977435E-009
8.6145178143977435E-009
8.6145178143977435E-009
8.6145178143977435E-009
8.6145178143977435E-009
8.6145178143977435E-009
8.6145178143977435E-009
8.6145178143977435E-009
8.6145178143977435E-009
8.6145178143977435E-009
8.6145178143977435E-009
8.6145178143977435E-009
8.6145178143977435E-009
8.6145178143977435E-009
8.6145178143977435E-009
8.6145178143977435E-009
8.6145178143977435E-009
8.6145178143977435E-009
8.6145178143977435E-009
8.6145178143977435E-009
8.6145178143977435E-009
8.6145178143977435E-009
8.6145178143977435E-009
8.6145178143977435E-009
8.6145178143977435E-009
8.6145178143977435E-009
8.6145178143977435E-009
8.6145178143977435E-009
8.6145178143977435E-009
8.6145178143977435E-009
8.6145178143977435E-009
8.6145178143977435E-009
8.6145178143977435E-009
8.6145178143977435E-009
8.6145178143977435E-009
8.6145178143977435E-009
8.6145178143977435E-009
8.6145178143977435E-009
8.6145178143977435E-009
8.6145178143977435E-009
8.6145178143977435E-009
8.6145178143977435E-009
8.6145178143977435E-009
8.6145178143977435E-009
8.6145178143977435E-009
8.6145178143977435E-009
8.6145178143977435E-009
8.6145178143977435E-009
8.6145178143977435E-009
8.6145178143977435E-009
8.6145178143977435E-009
8.6145178143977435E-009
8.6145178143977435E-009
8.6145178143977435E-009
8.6145178143977435E-009
8.6145178143977435E-009
8.6145178143977435E-009
8.6145178143977435E-009
8.6145178143977435E-009
8.6145178143977435E-009
8.6145178143977435E-009
8.6145178143977435E-009
8.6145178143977435E-009
8.6145178143977435E-009
8.6145178143977435E-009
8.6145178143977435E-009
8.6145178143977435E-009
8.6145178143977435E-009
8.6145178143977435E-009
8.6145178143977435E-009
8.6145178143977435E-009
8.6145178143977435E-009
8.6145178143977435E-009
8.6145178143977435E-009
8.6145178143977435E-009
8.6145178143977435E-009
8.6145178143977435E-009
8.6145178143977435E-009
8.6145178143977435E-009
8.6145178143977435E-009
8.6145178143977435E-009
8.6145178143977435E-009
8.6145178143977435E-009
8.6145178143977435E-009
8.6145178143977435E-009
8.6145178143977435E-009
8.6145178143977435E-009
8.6145178143977435E-009
8.6145178143977435E-009
8.6145178143977435E-009
8.6145178143977435E-009
8.6145178143977435E-009
8.6145178143977435E-009
8.6145178143977435E-009
8.6145178143977435E-009
8.6145178143977435E-009
8.6145178143977435E-009
8.6145178143977435E-009
8.6145178143977435E-009
8.6145178143977435E-009
8.6145178143977435E-009
8.6145178143977435E-009
8.6145178143977435E-009
8.6145178143977435E-009
8.6145178143977435E-009
8.6145178143977435E-009
8.6145178143977435E-009
8.6145178143977435E-009
8.6145178143977435E-009
8.6145178143977435E-009
8.6145178143977435E-009
8.6145178143977435E-009
8.6145178143977435E-009
8.6145178143977435E-009
1.3383882847860577E-002
3.3210127024653970E-007
8.7446034568223932E-008
2.6468856007339243E-008
1.2872721964926996E-008
5.1864456500842408E-009
5.1864456500842408E-009
5.1864456500842408E-009
5.1864456500842408E-009
5.1864456500842408E-009
5.1864456500842408E-009
5.1864456500842408E-009
5.1864456500842408E-009
5.1864456500842408E-009
5.1864456500842408E-009
5.1864456500842408E-009
5.1864456500842408E-009
5.1864456500842408E-009
5.1864456500842408E-009
5.1864456500842408E-009
5.1864456500842408E-009
5.1864456500842408E-009
5.1864456500842408E-009
5.1864456500842408E-009
5.1864456500842408E-009
5.1864456500842408E-009
5.1864456500842408E-009
5.1864456500842408E-009
5.1864456500842408E-009
5.1864456500842408E-009
5.1864456500842408E-009
5.1864456500842408E-009
5.1864456500842408E-009
5.1864456500842408E-009
5.1864456500842408E-009
5.1864456500842408E-009
5.1864456500842408E-009
5.1864456500842408E-009
5.1864456500842408E-009
5.1864456500842408E-009
5.1864456500842408E-009
5.1864456500842408E-009
5.1864456500842408E-009
5.1864456500842408E-009
5.1864456500842408E-009
5.1864456500842408E-009
5.1864456500842408E-009
5.1864456500842408E-009
5.1864456500842408E-009
5.1864456500842408E-009
5.1864456500842408E-009
5.1864456500842408E-009
5.1864456500842408E-009
5.1864456500842408E-009
5.1864456500842408E-009
5.1864456500842408E-009
5.1864456500842408E-009
5.1864456500842408E-009
5.1864456500842408E-009
5.1864456500842408E-009
5.1864456500842408E-009
5.1864456500842408E-009
5.1864456500842408E-009
5.1864456500842408E-009
5.1864456500842408E-009
5.1864456500842408E-009
5.1864456500842408E-009
5.1864456500842408E-009
5.1864456500842408E-009
5.1864456500842408E-009
5.1864456500842408E-009
5.1864456500842408E-009
5.1864456500842408E-009
5.1864456500842408E-009
5.1864456500842408E-009
5.1864456500842408E-009
5.1864456500842408E-009
5.1864456500842408E-009
5.1864456500842408E-009
5.1864456500842408E-009
5.1864456500842408E-009
5.1864456500842408E-009
5.1864456500842408E-009
5.1864456500842408E-009
5.1864456500842408E-009
5.1864456500842408E-009
5.1864456500842408E-009
5.1864456500842408E-009
5.1864456500842408E-009
5.1864456500842408E-009
5.1864456500842408E-009
5.1864456500842408E-009
5.1864456500842408E-009
5.1864456500842408E-009
5.1864456500842408E-009
5.1864456500842408E-009
5.1864456500842408E-009
5.1864456500842408E-009
5.1864456500842408E-009
5.1864456500842408E-009
5.1864456500842408E-009
5.1864456500842408E-009
5.1864456500842408E-009
5.1864456500842408E-009
5.1864456500842408E-009
5.1864456500842408E-009
5.1864456500842408E-009
5.1864456500842408E-009
5.1864456500842408E-009
5.1864456500842408E-009
5.1864456500842408E-009
5.1864456500842408E-009
5.1864456500842408E-009
5.1864456500842408E-009
5.1864456500842408E-009
5.1864456500842408E-009
5.1864456500842408E-009
5.1864456500842408E-009
1.3383798740260097E-002
2.2777866593437575E-007
6.0239092124480879E-008
1.7465055622979374E-008
9.3439778131944559E-009
9.3439778131944559E-009
9.3439778131944559E-009
9.3439778131944559E-009
9.3439778131944559E-009
9.3439778131944559E-009
9.3439778131944559E-009
9.3439778131944559E-009
9.3439778131944559E-009
9.3439778131944559E-009
9.3439778131944559E-009
9.3439778131944559E-009
9.3439778131944559E-009
9.3439778131944559E-009
9.3439778131944559E-009
9.3439778131944559E-009
9.3439778131944559E-009
9.3439778131944559E-009
9.3439778131944559E-009
9.3439778131944559E-009
9.3439778131944559E-009
9.3439778131944559E-009
9.3439778131944559E-009
9.3439778131944559E-009
9.3439778131944559E-009
9.3439778131944559E-009
9.3439778131944559E-009
9.3439778131944559E-009
9.3439778131944559E-009
9.3439778131944559E-009
9.3439778131944559E-009
9.3439778131944559E-009
9.3439778131944559E-009
9.3439778131944559E-009
9.3439778131944559E-009
9.3439778131944559E-009
9.3439778131944559E-009
9.3439778131944559E-009
9.3439778131944559E-009
9.3439778131944559E-009
9.3439778131944559E-009
9.3439778131944559E-009
9.3439778131944559E-009
9.3439778131944559E-009
9.3439778131944559E-009
9.3439778131944559E-009
9.3439778131944559E-009
9.3439778131944559E-009
9.3439778131944559E-009
9.3439778131944559E-009
9.3439778131944559E-009
9.3439778131944559E-009
9.3439778131944559E-009
9.3439778131944559E-009
9.3439778131944559E-009
9.3439778131944559E-009
9.3439778131944559E-009
9.3439778131944559E-009
9.3439778131944559E-009
9.3439778131944559E-009
9.3439778131944559E-009
9.3439778131944559E-009
9.3439778131944559E-009
9.3439778131944559E-009
9.3439778131944559E-009
9.3439778131944559E-009
9.3439778131944559E-009
9.3439778131944559E-009
9.3439778131944559E-009
9.3439778131944559E-009
9.3439778131944559E-009
9.3439778131944559E-009
9.3439778131944559E-009
9.3439778131944559E-009
9.3439778131944559E-009
9.3439778131944559E-009
9.3439778131944559E-009
9.3439778131944559E-009
9.3439778131944559E-009
9.3439778131944559E-009
9.3439778131944559E-009
9.3439778131944559E-009
9.3439778131944559E-009
9.3439778131944559E-009
9.3439778131944559E-009
9.3439778131944559E-009
9.3439778131944559E-009
9.3439778131944559E-009
9.3439778131944559E-009
9.3439778131944559E-009
9.3439778131944559E-009
9.3439778131944559E-009
9.3439778131944559E-009
1.3383747507454717E-002
1.5769331101536547E-007
4.3831411150197205E-008
1.2833872571348990E-008
7.1270067215896435E-009
7.1270067215896435E-009
7.1270067215896435E-009
7.1270067215896435E-009
7.1270067215896435E-009
7.1270067215896435E-009
7.1270067215896435E-009
7.1270067215896435E-009
7.1270067215896435E-009
7.1270067215896435E-009
7.1270067215896435E-009
7.1270067215896435E-009
7.1270067215896435E-009
7.1270067215896435E-009
7.1270067215896435E-009
7.1270067215896435E-009
7.1270067215896435E-009
7.1270067215896435E-009
7.1270067215896435E-009
7.1270067215896435E-009
7.1270067215896435E-009
7.1270067215896435E-009
7.1270067215896435E-009
7.1270067215896435E-009
7.1270067215896435E-009
7.1270067215896435E-009
7.1270067215896435E-009
7.1270067215896435E-009
7.1270067215896435E-009
7.1270067215896435E-009
7.1270067215896435E-009
7.1270067215896435E-009
7.1270067215896435E-009
7.1270067215896435E-009
7.1270067215896435E-009
7.1270067215896435E-009
7.1270067215896435E-009
7.1270067215896435E-009
7.1270067215896435E-009
7.1270067215896435E-009
7.1270067215896435E-009
7.1270067215896435E-009
7.1270067215896435E-009
7.1270067215896435E-009
7.1270067215896435E-009
7.1270067215896435E-009
7.1270067215896435E-009
7.1270067215896435E-009
7.1270067215896435E-009
7.1270067215896435E-009
7.1270067215896435E-009
7.1270067215896435E-009
7.1270067215896435E-009
7.1270067215896435E-009
7.1270067215896435E-009
7.1270067215896435E-009
7.1270067215896435E-009
7.1270067215896435E-009
7.1270067215896435E-009
7.1270067215896435E-009
7.1270067215896435E-009
7.1270067215896435E-009
7.1270067215896435E-009
7.1270067215896435E-009
7.1270067215896435E-009
7.1270067215896435E-009
7.1270067215896435E-009
7.1270067215896435E-009
7.1270067215896435E-009
7.1270067215896435E-009
7.1270067215896435E-009
1.3383722916235592E-002
1.1771561434855522E-007
3.2552890547584273E-008
9.5299471145142980E-009
9.5299471145142980E-009
9.5299471145142980E-009
9.5299471145142980E-009
9.5299471145142980E-009
9.5299471145142980E-009
9.5299471145142980E-009
9.5299471145142980E-009
9.5299471145142980E-009
9.5299471145142980E-009
9.5299471145142980E-009
9.5299471145142980E-009
9.5299471145142980E-009
9.5299471145142980E-009
9.5299471145142980E-009
9.5299471145142980E-009
9.5299471145142980E-009
9.5299471145142980E-009
9.5299471145142980E-009
9.5299471145142980E-009
9.5299471145142980E-009
9.5299471145142980E-009
9.5299471145142980E-009
9.5299471145142980E-009
9.5299471145142980E-009
9.5299471145142980E-009
9.5299471145142980E-009
9.5299471145142980E-009
9.5299471145142980E-009
9.5299471145142980E-009
9.5299471145142980E-009
9.5299471145142980E-009
9.5299471145142980E-009
9.5299471145142980E-009
9.5299471145142980E-009
9.5299471145142980E-009
9.5299471145142980E-009
9.5299471145142980E-009
9.5299471145142980E-009
9.5299471145142980E-009
9.5299471145142980E-009
9.5299471145142980E-009
9.5299471145142980E-009
9.5299471145142980E-009
9.5299471145142980E-009
9.5299471145142980E-009
9.5299471145142980E-009
9.5299471145142980E-009
9.5299471145142980E-009
9.5299471145142980E-009
9.5299471145142980E-009
9.5299471145142980E-009
9.5299471145142980E-009
9.5299471145142980E-009
9.5299471145142980E-009
9.5299471145142980E-009
9.5299471145142980E-009
9.5299471145142980E-009
9.5299471145142980E-009
9.5299471145142980E-009
9.5299471145142980E-009
9.5299471145142980E-009
9.5299471145142980E-009
9.5299471145142980E-009
9.5299471145142980E-009
1.3383703239698359E-002
8.4593980254213146E-008
2.4493188689927940E-008
7.4092590360717751E-009
7.4092590360717751E-009
7.4092590360717751E-009
7.4092590360717751E-009
7.4092590360717751E-009
7.4092590360717751E-009
7.4092590360717751E-009
7.4092590360717751E-009
7.4092590360717751E-009
7.4092590360717751E-009
7.4092590360717751E-009
1.3383690703063337E-002
6.6465787354121357E-008
1.9696113037152473E-008
6.0845342302781489E-009
6.0845342302781489E-009
6.0845342302781489E-009
6.0845342302781489E-009
6.0845342302781489E-009
6.0845342302781489E-009
6.0845342302781489E-009
6.0845342302781489E-009
6.0845342302781489E-009
6.0845342302781489E-009
6.0845342302781489E-009
6.0845342302781489E-009
6.0845342302781489E-009
6.0845342302781489E-009
6.0845342302781489E-009
6.0845342302781489E-009
6.0845342302781489E-009
6.0845342302781489E-009
6.0845342302781489E-009
6.0845342302781489E-009
6.0845342302781489E-009
1.3383683300784661E-002
3.8031499544057264E-008
1.1519454611420525E-008
3.6142724862126633E-009
3.6142724862126633E-009
3.6142724862126633E-009
3.6142724862126633E-009
3.6142724862126633E-009
3.6142724862126633E-009
3.6142724862126633E-009
3.6142724862126633E-009
3.6142724862126633E-009
3.6142724862126633E-009
3.6142724862126633E-009
3.6142724862126633E-009
3.6142724862126633E-009
3.6142724862126633E-009
3.6142724862126633E-009
3.6142724862126633E-009
3.6142724862126633E-009
3.6142724862126633E-009
3.6142724862126633E-009
3.6142724862126633E-009
3.6142724862126633E-009
3.6142724862126633E-009
3.6142724862126633E-009
3.6142724862126633E-009
3.6142724862126633E-009
3.6142724862126633E-009
1.3383679539415985E-002
2.9739199677082996E-008
8.9490549184528863E-009
8.9490549184528863E-009
8.9490549184528863E-009
8.9490549184528863E-009
8.9490549184528863E-009
8.9490549184528863E-009
8.9490549184528863E-009
8.9490549184528863E-009
8.9490549184528863E-009
8.9490549184528863E-009
8.9490549184528863E-009
8.9490549184528863E-009
8.9490549184528863E-009
8.9490549184528863E-009
8.9490549184528863E-009
8.9490549184528863E-009
8.9490549184528863E-009
8.9490549184528863E-009
8.9490549184528863E-009
8.9490549184528863E-009
1.3383676459627566E-002
2.1310028640333194E-008
6.9329036989048392E-009
6.9329036989048392E-009
6.9329036989048392E-009
6.9329036989048392E-009
6.9329036989048392E-009
1.3383674440940987E-002
1.5741857133047727E-008
5.2269722207599732E-009
5.2269722207599732E-009
5.2269722207599732E-009
5.2269722207599732E-009
5.2269722207599732E-009
5.2269722207599732E-009
5.2269722207599732E-009
5.2269722207599732E-009
5.2269722207599732E-009
5.2269722207599732E-009
5.2269722207599732E-009
5.2269722207599732E-009
5.2269722207599732E-009
5.2269722207599732E-009
5.2269722207599732E-009
1.3383673062733614E-002
1.5518672269174166E-008
5.0509872854628096E-009
5.0509872854628096E-009
5.0509872854628096E-009
5.0509872854628096E-009
5.0509872854628096E-009
