0.000000000000000
3.8846489040213852E-003
1.3145734877280748E-003
2.6312770213712962E-004
3.5006595847177821E-005
1.7416511925737292E-005
4.2198273102955544E-006
7.6052176614550897E-007
1.4172538340470177E-007
4.0405673897131197E-008
5.8539886079873821E-009
5.8539886079873821E-009
5.8539886079873821E-009
5.8539886079873821E-009
5.8539886079873821E-009
5.8539886079873821E-009
5.8539886079873821E-009
5.8539886079873821E-009
5.8539886079873821E-009
5.8539886079873821E-009
5.8539886079873821E-009
5.8539886079873821E-009
5.8539886079873821E-009
5.8539886079873821E-009
5.8539886079873821E-009
5.8539886079873821E-009
5.8539886079873821E-009
5.8539886079873821E-009
5.8539886079873821E-009
5.8539886079873821E-009
5.8539886079873821E-009
5.8539886079873821E-009
5.8539886079873821E-009
5.8539886079873821E-009
5.8539886079873821E-009
5.8539886079873821E-009
5.8539886079873821E-009
5.8539886079873821E-009
5.8539886079873821E-009
5.8539886079873821E-009
5.8539886079873821E-009
5.8539886079873821E-009
5.8539886079873821E-009
5.8539886079873821E-009
5.8539886079873821E-009
5.8539886079873821E-009
5.8539886079873821E-009
5.8539886079873821E-009
5.8539886079873821E-009
5.8539886079873821E-009
5.8539886079873821E-009
5.8539886079873821E-009
5.8539886079873821E-009
5.8539886079873821E-009
5.8539886079873821E-009
5.8539886079873821E-009
5.8539886079873821E-009
5.8539886079873821E-009
5.8539886079873821E-009
5.8539886079873821E-009
5.8539886079873821E-009
5.8539886079873821E-009
5.8539886079873821E-009
5.8539886079873821E-009
5.8539886079873821E-009
5.8539886079873821E-009
5.8539886079873821E-009
5.8539886079873821E-009
5.8539886079873821E-009
5.8539886079873821E-009
5.8539886079873821E-009
5.8539886079873821E-009
5.8539886079873821E-009
5.8539886079873821E-009
5.8539886079873821E-009
5.8539886079873821E-009
5.8539886079873821E-009
5.8539886079873821E-009
5.8539886079873821E-009
5.8539886079873821E-009
5.8539886079873821E-009
5.8539886079873821E-009
5.8539886079873821E-009
5.8539886079873821E-009
5.8539886079873821E-009
5.8539886079873821E-009
5.8539886079873821E-009
5.8539886079873821E-009
5.8539886079873821E-009
5.8539886079873821E-009
5.8539886079873821E-009
5.8539886079873821E-009
5.8539886079873821E-009
5.8539886079873821E-009
5.8539886079873821E-009
5.8539886079873821E-009
5.8539886079873821E-009
5.8539886079873821E-009
5.8539886079873821E-009
5.8539886079873821E-009
5.8539886079873821E-009
5.8539886079873821E-009
5.8539886079873821E-009
5.8539886079873821E-009
5.8539886079873821E-009
5.8539886079873821E-009
5.8539886079873821E-009
5.8539886079873821E-009
5.8539886079873821E-009
5.8539886079873821E-009
5.8539886079873821E-009
5.8539886079873821E-009
5.8539886079873821E-009
5.8539886079873821E-009
5.8539886079873821E-009
5.8539886079873821E-009
5.8539886079873821E-009
5.8539886079873821E-009
5.8539886079873821E-009
5.8539886079873821E-009
5.8539886079873821E-009
5.8539886079873821E-009
5.8539886079873821E-009
5.8539886079873821E-009
5.8539886079873821E-009
5.8539886079873821E-009
5.8539886079873821E-009
5.8539886079873821E-009
5.8539886079873821E-009
5.8539886079873821E-009
5.8539886079873821E-009
5.8539886079873821E-009
5.8539886079873821E-009
5.8539886079873821E-009
5.8539886079873821E-009
5.8539886079873821E-009
5.8539886079873821E-009
5.8539886079873821E-009
5.8539886079873821E-009
5.8539886079873821E-009
5.8539886079873821E-009
5.8539886079873821E-009
5.8539886079873821E-009
5.8539886079873821E-009
5.8539886079873821E-009
5.8539886079873821E-009
5.8539886079873821E-009
5.8539886079873821E-009
5.8539886079873821E-009
5.8539886079873821E-009
5.8539886079873821E-009
5.8539886079873821E-009
5.8539886079873821E-009
5.8539886079873821E-009
5.8539886079873821E-009
5.8539886079873821E-009
5.8539886079873821E-009
5.8539886079873821E-009
5.8539886079873821E-009
5.8539886079873821E-009
5.8539886079873821E-009
5.8539886079873821E-009
5.8539886079873821E-009
5.8539886079873821E-009
5.8539886079873821E-009
5.8539886079873821E-009
5.8539886079873821E-009
5.8539886079873821E-009
5.8539886079873821E-009
5.8539886079873821E-009
5.8539886079873821E-009
5.8539886079873821E-009
5.8539886079873821E-009
5.8539886079873821E-009
5.8539886079873821E-009
5.8539886079873821E-009
5.8539886079873821E-009
5.8539886079873821E-009
5.8539886079873821E-009
5.8539886079873821E-009
5.8539886079873821E-009
5.8539886079873821E-009
5.8539886079873821E-009
5.8539886079873821E-009
5.8539886079873821E-009
5.8539886079873821E-009
5.8539886079873821E-009
5.8539886079873821E-009
5.8539886079873821E-009
5.8539886079873821E-009
5.8539886079873821E-009
5.8539886079873821E-009
5.8539886079873821E-009
5.8539886079873821E-009
5.8539886079873821E-009
5.8539886079873821E-009
5.8539886079873821E-009
5.8539886079873821E-009
5.8539886079873821E-009
5.8539886079873821E-009
5.8539886079873821E-009
5.8539886079873821E-009
5.8539886079873821E-009
5.8539886079873821E-009
5.8539886079873821E-009
5.8539886079873821E-009
5.8539886079873821E-009
5.8539886079873821E-009
5.8539886079873821E-009
5.8539886079873821E-009
5.8539886079873821E-009
5.8539886079873821E-009
5.8539886079873821E-009
5.8539886079873821E-009
5.8539886079873821E-009
5.8539886079873821E-009
5.8539886079873821E-009
5.8539886079873821E-009
5.8539886079873821E-009
5.8539886079873821E-009
5.8539886079873821E-009
5.8539886079873821E-009
5.8539886079873821E-009
5.8539886079873821E-009
5.8539886079873821E-009
5.8539886079873821E-009
5.8539886079873821E-009
5.8539886079873821E-009
5.8539886079873821E-009
5.8539886079873821E-009
5.8539886079873821E-009
5.8539886079873821E-009
5.8539886079873821E-009
5.8539886079873821E-009
5.8539886079873821E-009
5.8539886079873821E-009
5.8539886079873821E-009
5.8539886079873821E-009
5.8539886079873821E-009
5.8539886079873821E-009
5.8539886079873821E-009
5.8539886079873821E-009
5.8539886079873821E-009
5.8539886079873821E-009
5.8539886079873821E-009
5.8539886079873821E-009
5.8539886079873821E-009
5.8539886079873821E-009
5.8539886079873821E-009
5.8539886079873821E-009
5.8539886079873821E-009
5.8539886079873821E-009
5.8539886079873821E-009
5.8539886079873821E-009
5.8539886079873821E-009
5.8539886079873821E-009
5.8539886079873821E-009
5.8539886079873821E-009
5.8539886079873821E-009
5.8539886079873821E-009
8.2364895955585910E-004
8.4566208985339711E-005
8.2285892037731414E-006
3.7380784749869767E-006
8.5141782014100173E-007
2.7361663822754531E-007
7.0012009711527235E-008
2.2265732729282860E-008
3.5008301152659051E-009
3.5008301152659051E-009
3.5008301152659051E-009
3.5008301152659051E-009
3.5008301152659051E-009
3.5008301152659051E-009
3.5008301152659051E-009
3.5008301152659051E-009
3.5008301152659051E-009
3.5008301152659051E-009
3.5008301152659051E-009
3.5008301152659051E-009
3.5008301152659051E-009
3.5008301152659051E-009
3.5008301152659051E-009
3.5008301152659051E-009
3.5008301152659051E-009
3.5008301152659051E-009
3.5008301152659051E-009
3.5008301152659051E-009
3.5008301152659051E-009
3.5008301152659051E-009
3.5008301152659051E-009
3.5008301152659051E-009
3.5008301152659051E-009
3.5008301152659051E-009
3.5008301152659051E-009
3.5008301152659051E-009
3.5008301152659051E-009
3.5008301152659051E-009
3.5008301152659051E-009
3.5008301152659051E-009
3.5008301152659051E-009
3.5008301152659051E-009
3.5008301152659051E-009
3.5008301152659051E-009
3.5008301152659051E-009
3.5008301152659051E-009
3.5008301152659051E-009
3.5008301152659051E-009
3.5008301152659051E-009
3.5008301152659051E-009
3.5008301152659051E-009
3.5008301152659051E-009
3.5008301152659051E-009
3.5008301152659051E-009
3.5008301152659051E-009
3.5008301152659051E-009
3.5008301152659051E-009
3.5008301152659051E-009
3.5008301152659051E-009
3.5008301152659051E-009
3.5008301152659051E-009
3.5008301152659051E-009
3.5008301152659051E-009
3.5008301152659051E-009
3.5008301152659051E-009
3.5008301152659051E-009
3.5008301152659051E-009
3.5008301152659051E-009
3.5008301152659051E-009
3.5008301152659051E-009
3.5008301152659051E-009
3.5008301152659051E-009
3.5008301152659051E-009
3.5008301152659051E-009
3.5008301152659051E-009
3.5008301152659051E-009
3.5008301152659051E-009
3.5008301152659051E-009
3.5008301152659051E-009
3.5008301152659051E-009
3.5008301152659051E-009
3.5008301152659051E-009
3.5008301152659051E-009
3.5008301152659051E-009
3.5008301152659051E-009
3.5008301152659051E-009
3.5008301152659051E-009
3.5008301152659051E-009
3.5008301152659051E-009
3.5008301152659051E-009
3.5008301152659051E-009
3.5008301152659051E-009
3.5008301152659051E-009
3.5008301152659051E-009
3.5008301152659051E-009
3.5008301152659051E-009
3.5008301152659051E-009
3.5008301152659051E-009
3.5008301152659051E-009
3.5008301152659051E-009
3.5008301152659051E-009
3.5008301152659051E-009
3.5008301152659051E-009
3.5008301152659051E-009
3.5008301152659051E-009
3.5008301152659051E-009
3.5008301152659051E-009
3.5008301152659051E-009
3.5008301152659051E-009
3.5008301152659051E-009
3.5008301152659051E-009
3.5008301152659051E-009
3.5008301152659051E-009
3.5008301152659051E-009
3.5008301152659051E-009
3.5008301152659051E-009
3.5008301152659051E-009
3.5008301152659051E-009
3.5008301152659051E-009
3.5008301152659051E-009
3.5008301152659051E-009
3.5008301152659051E-009
3.5008301152659051E-009
3.5008301152659051E-009
3.5008301152659051E-009
3.5008301152659051E-009
3.5008301152659051E-009
3.5008301152659051E-009
3.5008301152659051E-009
3.5008301152659051E-009
3.5008301152659051E-009
3.5008301152659051E-009
3.5008301152659051E-009
3.5008301152659051E-009
3.5008301152659051E-009
3.5008301152659051E-009
3.5008301152659051E-009
3.5008301152659051E-009
3.5008301152659051E-009
3.5008301152659051E-009
3.5008301152659051E-009
3.5008301152659051E-009
3.5008301152659051E-009
3.5008301152659051E-009
3.5008301152659051E-009
3.5008301152659051E-009
3.5008301152659051E-009
3.5008301152659051E-009
3.5008301152659051E-009
3.5008301152659051E-009
3.5008301152659051E-009
3.5008301152659051E-009
5.9853849357724443E-005
9.3084914807053475E-006
3.0876624853320939E-006
5.3477311826046745E-007
2.2014138317259133E-007
6.1230417915631489E-008
2.5679597555263624E-008
3.8263567504663225E-009
3.8263567504663225E-009
3.8263567504663225E-009
3.8263567504663225E-009
3.8263567504663225E-009
3.8263567504663225E-009
3.8263567504663225E-009
3.8263567504663225E-009
3.8263567504663225E-009
3.8263567504663225E-009
3.8263567504663225E-009
3.8263567504663225E-009
3.8263567504663225E-009
3.8263567504663225E-009
3.8263567504663225E-009
3.8263567504663225E-009
3.8263567504663225E-009
3.8263567504663225E-009
3.8263567504663225E-009
3.8263567504663225E-009
3.8263567504663225E-009
3.8263567504663225E-009
3.8263567504663225E-009
3.8263567504663225E-009
3.8263567504663225E-009
3.8263567504663225E-009
3.8263567504663225E-009
3.8263567504663225E-009
3.8263567504663225E-009
3.8263567504663225E-009
3.8263567504663225E-009
3.8263567504663225E-009
3.8263567504663225E-009
3.8263567504663225E-009
3.8263567504663225E-009
3.8263567504663225E-009
3.8263567504663225E-009
3.8263567504663225E-009
3.8263567504663225E-009
3.8263567504663225E-009
3.8263567504663225E-009
3.8263567504663225E-009
3.8263567504663225E-009
3.8263567504663225E-009
3.8263567504663225E-009
3.8263567504663225E-009
3.8263567504663225E-009
3.8263567504663225E-009
3.8263567504663225E-009
3.8263567504663225E-009
3.8263567504663225E-009
3.8263567504663225E-009
3.8263567504663225E-009
3.8263567504663225E-009
3.8263567504663225E-009
3.8263567504663225E-009
3.8263567504663225E-009
3.8263567504663225E-009
3.8263567504663225E-009
3.8263567504663225E-009
3.8263567504663225E-009
3.8263567504663225E-009
3.8263567504663225E-009
3.8263567504663225E-009
3.8263567504663225E-009
3.8263567504663225E-009
3.8263567504663225E-009
3.8263567504663225E-009
3.8263567504663225E-009
3.8263567504663225E-009
3.8263567504663225E-009
3.8263567504663225E-009
3.8263567504663225E-009
3.8263567504663225E-009
3.8263567504663225E-009
3.8263567504663225E-009
3.8263567504663225E-009
3.8263567504663225E-009
3.8263567504663225E-009
3.8263567504663225E-009
3.8263567504663225E-009
3.8263567504663225E-009
3.8263567504663225E-009
3.8263567504663225E-009
3.8263567504663225E-009
3.8263567504663225E-009
3.8263567504663225E-009
3.8263567504663225E-009
3.8263567504663225E-009
3.8263567504663225E-009
3.8263567504663225E-009
3.8263567504663225E-009
3.8263567504663225E-009
3.8263567504663225E-009
3.8263567504663225E-009
3.8263567504663225E-009
3.8263567504663225E-009
3.8263567504663225E-009
3.8263567504663225E-009
3.8263567504663225E-009
3.8263567504663225E-009
3.8263567504663225E-009
3.8263567504663225E-009
3.8263567504663225E-009
3.8263567504663225E-009
3.8263567504663225E-009
3.8263567504663225E-009
3.8263567504663225E-009
3.8263567504663225E-009
3.8263567504663225E-009
3.8263567504663225E-009
3.8263567504663225E-009
3.8263567504663225E-009
3.8263567504663225E-009
3.8263567504663225E-009
3.8263567504663225E-009
3.8263567504663225E-009
3.8263567504663225E-009
3.8263567504663225E-009
3.8263567504663225E-009
3.8263567504663225E-009
3.8263567504663225E-009
3.8263567504663225E-009
3.8263567504663225E-009
3.8263567504663225E-009
3.8263567504663225E-009
1.5730600510471207E-005
4.5376758937761832E-006
1.6347123971474527E-006
3.0614374106916329E-007
1.4986731049020916E-007
3.9620038371116156E-008
1.3357734014144635E-008
2.0597819608364398E-009
2.0597819608364398E-009
2.0597819608364398E-009
2.0597819608364398E-009
2.0597819608364398E-009
2.0597819608364398E-009
2.0597819608364398E-009
2.0597819608364398E-009
2.0597819608364398E-009
2.0597819608364398E-009
2.0597819608364398E-009
2.0597819608364398E-009
2.0597819608364398E-009
2.0597819608364398E-009
2.0597819608364398E-009
2.0597819608364398E-009
2.0597819608364398E-009
2.0597819608364398E-009
2.0597819608364398E-009
2.0597819608364398E-009
2.0597819608364398E-009
2.0597819608364398E-009
2.0597819608364398E-009
2.0597819608364398E-009
2.0597819608364398E-009
2.0597819608364398E-009
2.0597819608364398E-009
2.0597819608364398E-009
2.0597819608364398E-009
2.0597819608364398E-009
2.0597819608364398E-009
2.0597819608364398E-009
2.0597819608364398E-009
2.0597819608364398E-009
2.0597819608364398E-009
2.0597819608364398E-009
2.0597819608364398E-009
2.0597819608364398E-009
2.0597819608364398E-009
2.0597819608364398E-009
2.0597819608364398E-009
2.0597819608364398E-009
2.0597819608364398E-009
2.0597819608364398E-009
2.0597819608364398E-009
2.0597819608364398E-009
2.0597819608364398E-009
2.0597819608364398E-009
2.0597819608364398E-009
2.0597819608364398E-009
2.0597819608364398E-009
2.0597819608364398E-009
2.0597819608364398E-009
2.0597819608364398E-009
2.0597819608364398E-009
2.0597819608364398E-009
2.0597819608364398E-009
2.0597819608364398E-009
2.0597819608364398E-009
2.0597819608364398E-009
2.0597819608364398E-009
2.0597819608364398E-009
2.0597819608364398E-009
2.0597819608364398E-009
2.0597819608364398E-009
2.0597819608364398E-009
2.0597819608364398E-009
2.0597819608364398E-009
2.0597819608364398E-009
2.0597819608364398E-009
2.0597819608364398E-009
2.0597819608364398E-009
7.7977713537705686E-006
2.3776805689746651E-006
8.6932942606296695E-007
1.6781530452180034E-007
8.2889965359261443E-008
2.0920142585512882E-008
7.5719312598793277E-009
7.5719312598793277E-009
7.5719312598793277E-009
7.5719312598793277E-009
7.5719312598793277E-009
7.5719312598793277E-009
7.5719312598793277E-009
7.5719312598793277E-009
7.5719312598793277E-009
7.5719312598793277E-009
7.5719312598793277E-009
7.5719312598793277E-009
7.5719312598793277E-009
7.5719312598793277E-009
7.5719312598793277E-009
7.5719312598793277E-009
7.5719312598793277E-009
7.5719312598793277E-009
7.5719312598793277E-009
7.5719312598793277E-009
7.5719312598793277E-009
7.5719312598793277E-009
7.5719312598793277E-009
7.5719312598793277E-009
7.5719312598793277E-009
7.5719312598793277E-009
7.5719312598793277E-009
7.5719312598793277E-009
7.5719312598793277E-009
7.5719312598793277E-009
7.5719312598793277E-009
7.5719312598793277E-009
7.5719312598793277E-009
7.5719312598793277E-009
7.5719312598793277E-009
7.5719312598793277E-009
7.5719312598793277E-009
7.5719312598793277E-009
7.5719312598793277E-009
7.5719312598793277E-009
7.5719312598793277E-009
7.5719312598793277E-009
7.5719312598793277E-009
7.5719312598793277E-009
7.5719312598793277E-009
7.5719312598793277E-009
7.5719312598793277E-009
7.5719312598793277E-009
7.5719312598793277E-009
7.5719312598793277E-009
7.5719312598793277E-009
7.5719312598793277E-009
7.5719312598793277E-009
7.5719312598793277E-009
7.5719312598793277E-009
7.5719312598793277E-009
7.5719312598793277E-009
7.5719312598793277E-009
7.5719312598793277E-009
7.5719312598793277E-009
7.5719312598793277E-009
7.5719312598793277E-009
7.5719312598793277E-009
7.5719312598793277E-009
7.5719312598793277E-009
7.5719312598793277E-009
7.5719312598793277E-009
7.5719312598793277E-009
7.5719312598793277E-009
7.5719312598793277E-009
7.5719312598793277E-009
7.5719312598793277E-009
7.5719312598793277E-009
7.5719312598793277E-009
7.5719312598793277E-009
7.5719312598793277E-009
7.5719312598793277E-009
7.5719312598793277E-009
7.5719312598793277E-009
7.5719312598793277E-009
7.5719312598793277E-009
7.5719312598793277E-009
7.5719312598793277E-009
7.5719312598793277E-009
7.5719312598793277E-009
7.5719312598793277E-009
7.5719312598793277E-009
7.5719312598793277E-009
7.5719312598793277E-009
7.5719312598793277E-009
7.5719312598793277E-009
4.0318940921498228E-006
1.2172120211235635E-006
4.6061781363507668E-007
9.9352001019112152E-008
4.7594937067033056E-008
1.0919811666112380E-008
4.8044528000809793E-009
4.8044528000809793E-009
4.8044528000809793E-009
4.8044528000809793E-009
4.8044528000809793E-009
4.8044528000809793E-009
4.8044528000809793E-009
4.8044528000809793E-009
4.8044528000809793E-009
4.8044528000809793E-009
4.8044528000809793E-009
4.8044528000809793E-009
4.8044528000809793E-009
4.8044528000809793E-009
4.8044528000809793E-009
4.8044528000809793E-009
4.8044528000809793E-009
4.8044528000809793E-009
4.8044528000809793E-009
4.8044528000809793E-009
4.8044528000809793E-009
4.8044528000809793E-009
4.8044528000809793E-009
4.8044528000809793E-009
4.8044528000809793E-009
4.8044528000809793E-009
4.8044528000809793E-009
4.8044528000809793E-009
4.8044528000809793E-009
4.8044528000809793E-009
4.8044528000809793E-009
4.8044528000809793E-009
4.8044528000809793E-009
4.8044528000809793E-009
4.8044528000809793E-009
4.8044528000809793E-009
4.8044528000809793E-009
4.8044528000809793E-009
4.8044528000809793E-009
4.8044528000809793E-009
4.8044528000809793E-009
4.8044528000809793E-009
4.8044528000809793E-009
4.8044528000809793E-009
4.8044528000809793E-009
4.8044528000809793E-009
4.8044528000809793E-009
4.8044528000809793E-009
4.8044528000809793E-009
4.8044528000809793E-009
4.8044528000809793E-009
4.8044528000809793E-009
4.8044528000809793E-009
4.8044528000809793E-009
4.8044528000809793E-009
4.8044528000809793E-009
4.8044528000809793E-009
4.8044528000809793E-009
4.8044528000809793E-009
4.8044528000809793E-009
4.8044528000809793E-009
4.8044528000809793E-009
4.8044528000809793E-009
4.8044528000809793E-009
4.8044528000809793E-009
4.8044528000809793E-009
4.8044528000809793E-009
4.8044528000809793E-009
4.8044528000809793E-009
4.8044528000809793E-009
4.8044528000809793E-009
4.8044528000809793E-009
4.8044528000809793E-009
4.8044528000809793E-009
4.8044528000809793E-009
4.8044528000809793E-009
4.8044528000809793E-009
4.8044528000809793E-009
4.8044528000809793E-009
4.8044528000809793E-009
4.8044528000809793E-009
4.8044528000809793E-009
4.8044528000809793E-009
4.8044528000809793E-009
4.8044528000809793E-009
4.8044528000809793E-009
4.8044528000809793E-009
4.8044528000809793E-009
4.8044528000809793E-009
4.8044528000809793E-009
4.8044528000809793E-009
4.8044528000809793E-009
4.8044528000809793E-009
4.8044528000809793E-009
4.8044528000809793E-009
4.8044528000809793E-009
4.8044528000809793E-009
2.2747140982054463E-006
6.5761907193050889E-007
2.5277008980387345E-007
6.5064231391456459E-008
3.0125468030196490E-008
6.4614022432300734E-009
6.4614022432300734E-009
6.4614022432300734E-009
6.4614022432300734E-009
6.4614022432300734E-009
6.4614022432300734E-009
6.4614022432300734E-009
6.4614022432300734E-009
6.4614022432300734E-009
6.4614022432300734E-009
6.4614022432300734E-009
6.4614022432300734E-009
6.4614022432300734E-009
6.4614022432300734E-009
6.4614022432300734E-009
6.4614022432300734E-009
6.4614022432300734E-009
6.4614022432300734E-009
6.4614022432300734E-009
6.4614022432300734E-009
6.4614022432300734E-009
6.4614022432300734E-009
6.4614022432300734E-009
6.4614022432300734E-009
6.4614022432300734E-009
6.4614022432300734E-009
6.4614022432300734E-009
6.4614022432300734E-009
6.4614022432300734E-009
6.4614022432300734E-009
6.4614022432300734E-009
6.4614022432300734E-009
6.4614022432300734E-009
6.4614022432300734E-009
6.4614022432300734E-009
6.4614022432300734E-009
6.4614022432300734E-009
6.4614022432300734E-009
6.4614022432300734E-009
6.4614022432300734E-009
6.4614022432300734E-009
6.4614022432300734E-009
6.4614022432300734E-009
6.4614022432300734E-009
6.4614022432300734E-009
6.4614022432300734E-009
6.4614022432300734E-009
6.4614022432300734E-009
1.3583293242800209E-006
3.7916087527061703E-007
1.4443948174184015E-007
4.3511885643152612E-008
2.0112392048817038E-008
4.2464335561842658E-009
4.2464335561842658E-009
4.2464335561842658E-009
4.2464335561842658E-009
4.2464335561842658E-009
4.2464335561842658E-009
4.2464335561842658E-009
4.2464335561842658E-009
4.2464335561842658E-009
4.2464335561842658E-009
4.2464335561842658E-009
4.2464335561842658E-009
4.2464335561842658E-009
4.2464335561842658E-009
7.0495384986760506E-007
1.9209884564269819E-007
7.1047698308248106E-008
2.4588758134707807E-008
1.1518078235323032E-008
2.4890102468572310E-009
2.4890102468572310E-009
2.4890102468572310E-009
2.4890102468572310E-009
2.4890102468572310E-009
2.4890102468572310E-009
2.4890102468572310E-009
2.4890102468572310E-009
2.4890102468572310E-009
2.4890102468572310E-009
2.4890102468572310E-009
2.4890102468572310E-009
2.4890102468572310E-009
2.4890102468572310E-009
2.4890102468572310E-009
2.4890102468572310E-009
2.4890102468572310E-009
2.4890102468572310E-009
2.4890102468572310E-009
2.4890102468572310E-009
2.4890102468572310E-009
2.4890102468572310E-009
2.4890102468572310E-009
2.4890102468572310E-009
2.4890102468572310E-009
2.4890102468572310E-009
2.4890102468572310E-009
2.4890102468572310E-009
2.4890102468572310E-009
2.4890102468572310E-009
2.4890102468572310E-009
2.4890102468572310E-009
2.4890102468572310E-009
2.4890102468572310E-009
2.4890102468572310E-009
2.4890102468572310E-009
2.4890102468572310E-009
2.4890102468572310E-009
2.4890102468572310E-009
2.4890102468572310E-009
2.4890102468572310E-009
2.4890102468572310E-009
2.4890102468572310E-009
2.4890102468572310E-009
2.4890102468572310E-009
2.4890102468572310E-009
2.4890102468572310E-009
2.4890102468572310E-009
2.4890102468572310E-009
2.4890102468572310E-009
2.4890102468572310E-009
2.4890102468572310E-009
2.4890102468572310E-009
2.4890102468572310E-009
2.4890102468572310E-009
2.4890102468572310E-009
2.4890102468572310E-009
2.4890102468572310E-009
2.4890102468572310E-009
2.4890102468572310E-009
2.4890102468572310E-009
2.4890102468572310E-009
2.4890102468572310E-009
2.4890102468572310E-009
2.4890102468572310E-009
2.4890102468572310E-009
2.4890102468572310E-009
2.4890102468572310E-009
2.4890102468572310E-009
2.4890102468572310E-009
2.4890102468572310E-009
2.4890102468572310E-009
2.4890102468572310E-009
2.4890102468572310E-009
2.4890102468572310E-009
2.4890102468572310E-009
2.4890102468572310E-009
2.4890102468572310E-009
2.4890102468572310E-009
2.4890102468572310E-009
2.4890102468572310E-009
2.4890102468572310E-009
2.4890102468572310E-009
2.4890102468572310E-009
2.4890102468572310E-009
2.4890102468572310E-009
2.4890102468572310E-009
2.4890102468572310E-009
2.4890102468572310E-009
2.4890102468572310E-009
2.4890102468572310E-009
2.4890102468572310E-009
2.4890102468572310E-009
2.4890102468572310E-009
2.4890102468572310E-009
2.4890102468572310E-009
2.4890102468572310E-009
5.3491187009486549E-007
1.3880858679653397E-007
4.3100463801661284E-008
1.9828285749491213E-008
8.5992768761600347E-009
8.5992768761600347E-009
8.5992768761600347E-009
8.5992768761600347E-009
8.5992768761600347E-009
8.5992768761600347E-009
8.5992768761600347E-009
8.5992768761600347E-009
8.5992768761600347E-009
8.5992768761600347E-009
8.5992768761600347E-009
8.5992768761600347E-009
8.5992768761600347E-009
8.5992768761600347E-009
8.5992768761600347E-009
8.5992768761600347E-009
8.5992768761600347E-009
8.5992768761600347E-009
8.5992768761600347E-009
8.5992768761600347E-009
8.5992768761600347E-009
8.5992768761600347E-009
8.5992768761600347E-009
8.5992768761600347E-009
8.5992768761600347E-009
8.5992768761600347E-009
8.5992768761600347E-009
8.5992768761600347E-009
8.5992768761600347E-009
8.5992768761600347E-009
8.5992768761600347E-009
8.5992768761600347E-009
8.5992768761600347E-009
8.5992768761600347E-009
8.5992768761600347E-009
8.5992768761600347E-009
8.5992768761600347E-009
8.5992768761600347E-009
8.5992768761600347E-009
8.5992768761600347E-009
8.5992768761600347E-009
8.5992768761600347E-009
8.5992768761600347E-009
8.5992768761600347E-009
8.5992768761600347E-009
8.5992768761600347E-009
8.5992768761600347E-009
8.5992768761600347E-009
8.5992768761600347E-009
8.5992768761600347E-009
8.5992768761600347E-009
8.5992768761600347E-009
8.5992768761600347E-009
3.6341626118950631E-007
9.5655464188718472E-008
2.7653972671377390E-008
1.4487214095728633E-008
4.1876646285915705E-009
4.1876646285915705E-009
4.1876646285915705E-009
4.1876646285915705E-009
4.1876646285915705E-009
4.1876646285915705E-009
4.9765638555614666E-009
1.5040223406444097E-009
1.5040223406444097E-009
1.5040223406444097E-009
1.5040223406444097E-009
1.5040223406444097E-009
1.5040223406444097E-009
1.5040223406444097E-009
1.5040223406444097E-009
1.5040223406444097E-009
1.5040223406444097E-009
1.5040223406444097E-009
1.5040223406444097E-009
1.5040223406444097E-009
1.5040223406444097E-009
1.5040223406444097E-009
1.5040223406444097E-009
1.5040223406444097E-009
1.5040223406444097E-009
1.5040223406444097E-009
1.5040223406444097E-009
1.5040223406444097E-009
1.5040223406444097E-009
1.5040223406444097E-009
1.5040223406444097E-009
1.5040223406444097E-009
1.5040223406444097E-009
1.5040223406444097E-009
1.5040223406444097E-009
1.5040223406444097E-009
1.5040223406444097E-009
1.5040223406444097E-009
1.5040223406444097E-009
1.5040223406444097E-009
1.5040223406444097E-009
1.5040223406444097E-009
1.5040223406444097E-009
2.5393935850003384E-007
6.7700565365005994E-008
1.9350635095595892E-008
1.0594248183978304E-008
2.2235457456394447E-009
2.2235457456394447E-009
2.2235457456394447E-009
2.2235457456394447E-009
2.2235457456394447E-009
2.2235457456394447E-009
2.2235457456394447E-009
2.2235457456394447E-009
2.2235457456394447E-009
2.2235457456394447E-009
2.2235457456394447E-009
2.2235457456394447E-009
2.2235457456394447E-009
2.2235457456394447E-009
2.2235457456394447E-009
2.2235457456394447E-009
2.2235457456394447E-009
2.2235457456394447E-009
2.2235457456394447E-009
2.2235457456394447E-009
2.2235457456394447E-009
2.2235457456394447E-009
2.2235457456394447E-009
2.2235457456394447E-009
2.2235457456394447E-009
2.2235457456394447E-009
2.2235457456394447E-009
2.2235457456394447E-009
2.2235457456394447E-009
2.2235457456394447E-009
2.2235457456394447E-009
2.2235457456394447E-009
2.2235457456394447E-009
2.2235457456394447E-009
2.2235457456394447E-009
2.2235457456394447E-009
2.2235457456394447E-009
2.2235457456394447E-009
2.2235457456394447E-009
2.2235457456394447E-009
1.7872459002450300E-007
4.9099985346523212E-008
1.4328175251212741E-008
7.7877996349267574E-009
7.7877996349267574E-009
7.7877996349267574E-009
7.7877996349267574E-009
7.7877996349267574E-009
7.7877996349267574E-009
7.7877996349267574E-009
7.7877996349267574E-009
7.7877996349267574E-009
7.7877996349267574E-009
7.7877996349267574E-009
7.7877996349267574E-009
7.7877996349267574E-009
7.7877996349267574E-009
7.7877996349267574E-009
7.7877996349267574E-009
1.1410993905488697E-007
3.1870621801663093E-008
9.5424141654391930E-009
5.1195526260400867E-009
5.1195526260400867E-009
5.1195526260400867E-009
5.1195526260400867E-009
5.1195526260400867E-009
5.1195526260400867E-009
5.1195526260400867E-009
5.1195526260400867E-009
5.1195526260400867E-009
5.1195526260400867E-009
5.1195526260400867E-009
5.1195526260400867E-009
5.1195526260400867E-009
5.1195526260400867E-009
5.1195526260400867E-009
5.1195526260400867E-009
5.1195526260400867E-009
5.1195526260400867E-009
5.1195526260400867E-009
5.1195526260400867E-009
5.1195526260400867E-009
5.1195526260400867E-009
5.1195526260400867E-009
5.1195526260400867E-009
5.1195526260400867E-009
5.1195526260400867E-009
5.1195526260400867E-009
5.1195526260400867E-009
5.1195526260400867E-009
5.1195526260400867E-009
5.1195526260400867E-009
5.1195526260400867E-009
5.1195526260400867E-009
5.1195526260400867E-009
5.1195526260400867E-009
5.1195526260400867E-009
5.1195526260400867E-009
5.1195526260400867E-009
9.3792254453077188E-008
2.6808990444829929E-008
8.2776137701076836E-009
8.2776137701076836E-009
8.2776137701076836E-009
8.2776137701076836E-009
3.7722506650119859E-009
1.8941254651508863E-009
1.8941254651508863E-009
1.8941254651508863E-009
