0.000000000000000
3.8846489040197706E-003
1.3114432358119325E-003
2.6598592114133128E-004
6.7279899190238250E-005
1.0590538116433619E-004
1.0615347061054513E-004
2.5568945114504767E-004
5.7740513274086122E-005
1.0832814219311668E-004
3.6482937778957436E-004
6.5689538441978965E-005
1.2352865816680255E-004
2.0090396352703805E-004
5.8052833318124959E-005
1.1544118549943882E-004
6.7194940726516807E-005
6.3648410572695102E-005
6.8088304841729241E-005
2.8744673474619244E-005
1.5076884525173357E-005
2.0651117382442382E-005
5.2505649536650397E-005
2.8536655476937684E-005
1.9670722860537805E-005
1.6137083707410085E-005
1.2772937200600562E-005
6.3579835626014495E-006
1.8985440708159296E-005
1.6256422788823301E-005
4.1463483813375347E-006
4.8226834327481626E-006
8.2719891580391884E-006
6.1644925721900511E-006
1.3267657695819991E-005
8.0954336140695259E-006
5.9160531327226671E-006
1.4236977302773542E-006
4.6545318268354397E-006
4.0592145841160897E-006
1.8639852239407933E-006
7.1956234715842265E-007
3.5802238360123219E-006
1.8374760860891509E-006
3.0695427940299016E-006
4.0318935712896708E-006
5.4711697806807361E-006
2.2295321449067455E-006
3.3318446137098606E-006
1.5712517225722501E-006
1.4441690006396762E-006
1.2343415342725600E-006
2.2802232472253886E-006
3.4989007454623814E-006
4.4097390553746869E-006
5.2648047529774380E-007
2.1979501134708289E-006
1.2882588137196248E-006
9.7256382606960247E-007
5.7425317688102060E-007
2.0565095532163000E-006
1.0874050982832449E-006
4.6287401088009910E-007
1.9977347115539429E-007
7.1999218995867266E-007
4.7694558716381906E-007
2.5992020856690107E-007
7.9668537496828087E-008
3.0037977873130287E-007
1.6831948509210737E-007
2.0256663408637657E-007
2.3728435633581218E-007
8.6994930166801522E-007
2.2187168941397714E-007
4.7076682105922516E-007
4.2453683904609647E-007
3.5193733320622163E-007
2.0667371722034135E-007
4.4686051275060759E-007
6.3616732419869084E-007
2.4636126727202482E-007
1.1091296563022583E-007
6.0977169215810821E-007
4.4380140515803412E-007
2.2416568803359198E-007
1.1522727475058531E-007
1.4745689435711013E-007
1.3176424640185623E-007
1.8305334578525362E-007
6.9746827696648670E-008
5.8203060774739302E-008
4.0395501775270585E-008
1.5197934094681666E-007
8.0727270123309222E-008
8.7437331130706488E-008
3.0217197586344038E-008
5.9702203386543945E-008
3.7570304188305929E-008
1.1184015806466573E-007
3.9953901145508878E-008
6.0167117545519870E-008
6.2359403635338783E-008
5.3032754967961462E-008
3.2642794431275431E-008
3.9820882162754196E-008
3.9966282366571732E-008
1.1357973718791047E-007
3.2395669627105215E-008
6.8558691472285126E-008
4.1619581080438941E-008
4.2891423512820020E-008
2.9063963839116911E-008
3.4448831113373840E-008
1.9523335629547887E-008
3.3449067589749186E-008
2.1126957580977517E-008
2.9583145822803064E-008
2.6153757584138831E-008
3.1153594477132778E-008
3.5628758232289313E-008
3.9480197518747303E-008
3.4892947029835875E-008
4.4145372526666315E-008
1.6416263270083987E-008
1.5928671637208607E-008
7.8641899357305541E-009
9.7977068938169990E-009
1.3308704239366490E-008
2.6685768192050044E-008
2.0207235264897066E-008
1.2216004271560670E-008
1.0729335167372821E-008
6.7605790483469308E-009
8.2550385464672059E-009
6.9451200093708914E-009
1.3139793236532992E-008
1.6183435700012555E-008
1.4045220807925961E-008
1.4395782628438725E-008
1.2086299102396833E-008
1.4875972369564104E-008
4.7431282539722886E-009
9.4576951147416256E-009
2.9518324713733648E-009
5.6926465009512882E-009
6.0397912876170594E-009
5.0236141533801680E-009
2.1292556299306747E-009
3.3616290503936551E-009
6.2505980703927385E-009
3.3773139098248371E-009
3.0436907802142315E-009
7.3988087517163187E-009
2.3810272390543834E-009
2.2219159702838116E-009
1.7834185313587663E-009
3.8422624240337235E-009
1.4563321510469926E-009
2.5371121751230667E-009
3.0965782188039126E-009
1.8775770743340178E-009
1.1057772225763590E-009
3.4391791555241808E-009
2.2672802682850865E-009
1.4613250831143780E-009
7.5140112076209684E-010
