-303.744538234486868
-303.917043501033675
-303.993075157633086
-303.996380548146931
-303.996433453740053
-303.996446516116293
-303.996447147766105
-303.996447163120706
-303.996447163790435
-303.996447163833750
-303.996447163834318
-304.000784823188212
-304.004998379192898
-304.007077677999860
-304.007657545306358
-304.007960568779026
-304.008229059904693
-304.008215009454943
-304.007981715840970
-304.008014952006647
-304.008014524466375
-304.008031413451135
-304.010332116355812
-304.053743065998333
-304.043034087768774
-304.055628457797241
-304.060615975082953
-304.060308309144659
-304.060081741539534
-304.060024145665466
-304.060037800654982
-304.060028978280570
-304.060146388467501
-304.063523747227407
-304.065314931238163
-304.066313157879449
-304.066784903557618
-304.070772253950793
-304.070806048176394
-304.071431673947700
-304.071823676767167
-304.071275124609031
-304.069942324997442
-304.071298072678019
-304.071345210529898
-304.071366582423821
-304.072255328497874
-304.074369824978362
-304.073002774342342
-304.073570519775501
-304.064286260288554
-304.069287001885584
-304.070264300628196
-304.084087513203372
-304.092199063024566
-304.087255142134779
-304.086750067905655
-304.087543800610661
-304.110196793920636
-304.182695265703614
-304.185782160911913
-304.190787734165156
-304.190077971341282
-304.191465395323291
-304.235954371912271
-304.242775139300306
-304.243394757586429
-304.243299667113149
-304.243913058935505
-304.246456140667362
-304.248395521955047
-304.260890237224771
-304.264133308496696
-304.264408202472509
-304.264467545873913
-304.264492213968992
-304.264501124884077
-304.264447579165505
-304.264142390104041
-304.263025886669595
-304.263356053175016
-304.264018631714748
-304.266195306327404
-304.266788648275508
-304.267029497200554
-304.267097566034920
-304.267106967983295
-304.267231458503261
-304.268486913814627
-304.268674813044527
-304.268707964235318
-304.268723268668339
-304.268727375493086
-304.268729472018663
-304.268730622998817
-304.268731300975901
-304.268732288293279
-304.268811524957528
-304.268894049941593
-304.268919092252645
-304.268953661528144
-304.268985495213030
-304.269014662656559
-304.269239788002437
-304.270007757577218
-304.270030060909050
-304.270052061820593
-304.270060605185563
-304.270069539052258
-304.270069036542225
-304.270070070996667
-304.270080803569385
-304.270102171883821
-304.270124414297129
-304.270137856659915
-304.270155307113782
-304.270197143802932
-304.270241632273837
-304.270245263392496
-304.270244476306573
-304.270244381623627
-304.270244478351799
-304.270244715036426
-304.270244855804663
-304.270247668745128
-304.270248591236339
-304.270251099472773
-304.270255916411770
-304.270260507265675
-304.270266036819521
-304.270270308240811
-304.270281171281113
-304.270288905504344
-304.270290679269749
-304.270291197697134
-304.270291645559780
-304.270292238917989
-304.270296734670694
-304.270299719332570
-304.270300383671099
-304.270300784026631
-304.270300880783282
-304.270300918565169
-304.270301009371394
-304.270301142468838
-304.270301724097180
-304.270302185927733
-304.270302635073165
-304.270302952186512
-304.270303013094349
-304.270303092180313
-304.270303196176769
-304.270303466636960
-304.270303752001269
-304.270303879368782
-304.270303928689827
-304.270303945156343
-304.270304032517458
-304.270304112446183
-304.270304164878553
-304.270304184179281
-304.270304190270849
-304.270304181195002
-304.270304277877756
-304.270304333950094
-304.270304358429371
-304.270304347577053
-304.270304357771181
-304.270304357923123
-304.270304353698236
-304.270304349663888
-304.270304349920139
-304.270304356720544
-304.270304377457251
-304.270304378460480
-304.270304392566572
-304.270304408200161
-304.270304420547632
-304.270304438946198
-304.270304594653055
-304.270304810506957
-304.270304810649634
-304.270304821157140
-304.270304833146156
-304.270304838471930
-304.270304840058429
-304.270304839895232
-304.270304846700867
-304.270304854023266
-304.270304860360284
-304.270304855745280
-304.270304862631122
-304.270304879262767
-304.270304905548073
-304.270304914761425
-304.270304915332815
-304.270304915106692
-304.270304915496638
-304.270304915079407
-304.270304915318718
-304.270304915609927
-304.270304916864006
-304.270304917635542
-304.270304916893735
-304.270304918067609
-304.270304919335501
-304.270304920848446
-304.270304925832306
-304.270304935434581
-304.270304944544421
-304.270304945489841
-304.270304946020758
-304.270304946739600
-304.270304947131365
-304.270304947552177
-304.270304947718159
-304.270304948475541
-304.270304948715591
-304.270304949391516
-304.270304950443347
-304.270304951515982
-304.270304952394838
-304.270304954905441
-304.270304957897906
-304.270304959620887
-304.270304960319208
-304.270304960701310
-304.270304960785268
-304.270304960455917
-304.270304960288001
-304.270304960550106
-304.270304960376791
-304.270304960113037
-304.270304959690009
-304.270304960951762
-304.270304963926321
-304.270304964568936
-304.270304964836157
-304.270304965044545
-304.270304965081721
-304.270304965535047
-304.270304965870821
-304.270304966151343
-304.270304966659921
-304.270304967191066
-304.270304967906100
-304.270304968838957
-304.270304969122606
-304.270304969255506
-304.270304969355209
-304.270304969540462
-304.270304969763629
-304.270304969798872
-304.270304969823997
-304.270304969916367
-304.270304969901133
-304.270304969884819
-304.270304969940582
-304.270304969950473
-304.270304969950473
-304.272086562348306
-304.272132332812930
-304.272135799134674
-304.272136495340249
-304.272136525296787
-304.272136527382031
-304.272136527571035
-304.272136527588430
-304.272136528078363
-304.272140311932958
-304.272144006986764
-304.272145950567449
-304.272146943246355
-304.272147170245091
-304.272151406777198
-304.272200031536158
-304.272212462343475
-304.272228461195084
-304.272238715797243
-304.272244624001246
-304.272281984053166
-304.272302809759708
-304.272303666045104
-304.272303697550058
-304.272303793995604
-304.272303892416176
-304.272304175850422
-304.272304434266630
-304.272304593758520
-304.272304662410534
-304.272304846691270
-304.272305240575747
-304.272306052771910
-304.272307216917341
-304.272307482689939
-304.272307619355047
-304.272307779244954
-304.272307787450188
-304.272307842524640
-304.272307964131699
-304.272308035080755
-304.272308083785845
-304.272308496272331
-304.272308764513639
-304.272309059323732
-304.272309425312187
-304.272310606812368
-304.272311074120182
-304.272311154327326
-304.272311168994520
-304.272311159408844
-304.272311179010160
-304.272311173156993
-304.272311144836635
-304.272311055971443
-304.272311041254227
-304.272311112570605
-304.272311160881600
-304.272311542445152
-304.272311875743924
-304.272311966154632
-304.272312043090835
-304.272312111565100
-304.272312101360228
-304.272312267522068
-304.272312290503805
-304.272312371696216
-304.272312750786341
-304.272313262517969
-304.272313293113370
-304.272313298383551
-304.272313301105100
-304.272313302824500
-304.272313303059320
-304.272313307865943
-304.272313308888499
-304.272313310583741
-304.272313313193649
-304.272313313386519
-304.272313318817339
-304.272313334160458
-304.272313347350519
-304.272313357645089
-304.272313363067610
-304.272313365887669
-304.272313366778576
-304.272313367975642
-304.272313370391032
-304.272313379689479
-304.272313383920846
-304.272313386744827
-304.272313395902927
-304.272313405839100
-304.272313409705760
-304.272313411337734
-304.272313412701465
-304.272313414878113
-304.272313418653141
-304.272313419716227
-304.272313420219859
-304.272313421901970
-304.272313423622620
-304.272313424805361
-304.272313426088147
-304.272313426730875
-304.272313427894233
-304.272313428315272
-304.272313428315783
-304.272313428639961
-304.272313428809014
-304.272313428951691
-304.272313428992163
-304.272313429046676
-304.272313429399844
-304.272313429969074
-304.272313430371412
-304.272313430767042
-304.272313431003511
-304.272313431173700
-304.272313431474629
-304.272313431693362
-304.272313431762996
-304.272313431911471
-304.272313432011458
-304.272313432122928
-304.272313432203248
-304.272313432314377
-304.272313432527653
-304.272313432604733
-304.272313432637475
-304.272313432653561
-304.272313432669762
-304.272313432750025
-304.272313432920328
-304.272313432985811
-304.272313432986721
-304.272313432988938
-304.272313432995816
-304.272313433000534
-304.272313433005877
-304.272313433021111
-304.272313433043735
-304.272313433069314
-304.272313433083298
-304.272313433088186
-304.272313433097338
-304.272313433108536
-304.272313433114903
-304.272313433118143
-304.272313433119393
-304.272313433119621
-304.272313433119621
-304.272355241272635
-304.272356784839531
-304.272357280637380
-304.272357297029316
-304.272357299038106
-304.272357299217902
-304.272357299233192
-304.272357299366035
-304.272357634381990
-304.272357963509990
-304.272358136310743
-304.272358293345974
-304.272358331401847
-304.272358350582294
-304.272358354361700
-304.272358362653335
-304.272358368387984
-304.272358386255689
-304.272358344046097
-304.272358434118132
-304.272358605840566
-304.272358853963794
-304.272359495130672
-304.272360304530423
-304.272360730166668
-304.272361487564865
-304.272362457074053
-304.272371357664554
-304.272376727066046
-304.272376801921723
-304.272376831129122
-304.272376836214050
-304.272376945848237
-304.272377031213750
-304.272377070660298
-304.272377325781804
-304.272377638811690
-304.272377652770217
-304.272377664656574
-304.272377671487561
-304.272377673118115
-304.272377677319412
-304.272377680733598
-304.272377683230559
-304.272377686352513
-304.272377690749352
-304.272377695017042
-304.272377700532786
-304.272377705396821
-304.272377714956519
-304.272377719909684
-304.272377724694536
-304.272377728405104
-304.272377730189930
-304.272377734110989
-304.272377754123681
-304.272377763322083
-304.272377765358272
-304.272377765407327
-304.272377765920510
-304.272377766681188
-304.272377766263389
-304.272377766626505
-304.272377766985926
-304.272377767262583
-304.272377767612682
-304.272377767632690
-304.272377768711920
-304.272377770414607
-304.272377773155881
-304.272377774242216
-304.272377775385053
-304.272377777938402
-304.272377781055525
-304.272377784187313
-304.272377788151402
-304.272377791633232
-304.272377792976442
-304.272377793857572
-304.272377794527813
-304.272377795753755
-304.272377797233787
-304.272377799808396
-304.272377800604488
-304.272377801488972
-304.272377801990615
-304.272377802094866
-304.272377802211565
-304.272377802313144
-304.272377802987194
-304.272377803777943
-304.272377803952452
-304.272377804084783
-304.272377804166752
-304.272377804217058
-304.272377804261339
-304.272377804281007
-304.272377804370251
-304.272377804534642
-304.272377804642019
-304.272377804764801
-304.272377804823805
-304.272377804859332
-304.272377804887697
-304.272377804928794
-304.272377804949883
-304.272377804969551
-304.272377804981147
-304.272377805016617
-304.272377805049302
-304.272377805071187
-304.272377805094607
-304.272377805099438
-304.272377805102167
-304.272377805108817
-304.272377805114502
-304.272377805116378
-304.272377805117799
-304.272377805118822
-304.272377805119675
-304.272377805120925
-304.272377805125018
-304.272377805128599
-304.272377805130532
-304.272377805131214
-304.272377805131896
-304.272377805131953
-304.272377805132805
-304.272377805133601
-304.272377805133999
-304.272377805135250
-304.272377805135363
-304.272377805135363
-304.272388218924050
-304.272388718622665
-304.272388866589097
-304.272388872544468
-304.272388873434011
-304.272388873506429
-304.272388873511488
-304.272388873567138
-304.272388971418195
-304.272389067608287
-304.272389116379088
-304.272389171006353
-304.272389219217757
-304.272389206144453
-304.272389167155893
-304.272389187876001
-304.272389181241749
-304.272389175231581
-304.272389201211638
-304.272389178617857
-304.272389171800569
-304.272389229467422
-304.272389254067321
-304.272389255322366
-304.272389265098127
-304.272389272323608
-304.272389273934664
-304.272389268758673
-304.272389284006408
-304.272389301602288
-304.272389297010989
-304.272389341107157
-304.272389429574559
-304.272389486596069
-304.272389547315925
-304.272389552891980
-304.272389601573593
-304.272389666605420
-304.272389704038005
-304.272389747850411
-304.272389738129675
-304.272389730152042
-304.272389804843101
-304.272389953909226
-304.272390009413641
-304.272390131449072
-304.272390259495864
-304.272390342403469
-304.272390592451927
-304.272391870831541
-304.272393108760753
-304.272394776527506
-304.272394837225079
-304.272394846531483
-304.272394845137740
-304.272394851471915
-304.272394846821499
-304.272394827324717
-304.272394829847656
-304.272394829980158
-304.272394829688835
-304.272394829369546
-304.272394829088739
-304.272394828978918
-304.272394829113750
-304.272394831345309
-304.272394837816705
-304.272394842522942
-304.272394849754107
-304.272394887561177
-304.272394932826785
-304.272394964047464
-304.272395037486490
-304.272395065663432
-304.272395066834690
-304.272395067590196
-304.272395067382433
-304.272395067338039
-304.272395067338039
-304.272398275718217
-304.272398419069475
-304.272398460648049
-304.272398462498018
-304.272398462776209
-304.272398462797014
-304.272398463275863
-304.272398496122150
-304.272398528420808
-304.272398545020110
-304.272398556412952
-304.272398561822627
-304.272398565553942
-304.272398568072617
-304.272398568264407
-304.272398558167026
-304.272398666332776
-304.272398687495809
-304.272398730110524
-304.272398735138097
-304.272398752641891
-304.272398742868404
-304.272398744491397
-304.272398762467276
-304.272398763721071
-304.272398710420987
-304.272398742541156
-304.272398763188392
-304.272398777611443
-304.272398786970030
-304.272398788388386
-304.272398773229270
-304.272398766977005
-304.272398755933750
-304.272398752703566
-304.272398745879968
-304.272398774521037
-304.272398888376472
-304.272398916317741
-304.272398963768353
-304.272399017915575
-304.272399050965873
-304.272399058574308
-304.272399062770262
-304.272399063138778
-304.272399055031372
-304.272399088264422
-304.272399097281834
-304.272399096745517
-304.272399103264831
-304.272399119136367
-304.272399153552385
-304.272399240042887
-304.272399785916377
-304.272399962592715
-304.272400053140643
-304.272400118466294
-304.272400355055026
-304.272400551691533
-304.272400554903015
-304.272400561144252
-304.272400566499755
-304.272400582577973
-304.272400611708974
-304.272400614453204
-304.272400614827859
-304.272400614892604
-304.272400614976561
-304.272400615010383
-304.272400614995604
-304.272400615034144
-304.272400615187394
-304.272400615315860
-304.272400614895332
-304.272400615034599
-304.272400615204333
-304.272400615432616
-304.272400615960578
-304.272400616984442
-304.272400617411392
-304.272400617813219
-304.272400617910989
-304.272400617976018
-304.272400618287918
-304.272400618570316
-304.272400619108794
-304.272400620762312
-304.272400623296392
-304.272400623853969
-304.272400623944748
-304.272400623981753
-304.272400624003410
-304.272400624124487
-304.272400624291095
-304.272400624271143
-304.272400624279783
-304.272400624279669
-304.272401834735319
-304.272401878768903
-304.272401890003380
-304.272401890677202
-304.272401890770482
-304.272401890777758
-304.272401890813626
-304.272401903202024
-304.272401915395335
-304.272401925615156
-304.272401943277146
-304.272402102550302
-304.272402331185788
-304.272402363366325
-304.272402410404084
-304.272402425640905
-304.272402450507172
-304.272402488516832
-304.272402527215831
-304.272402559858676
-304.272402570835482
-304.272402574877390
-304.272402580745563
-304.272402608253515
-304.272402652093945
-304.272402683777386
-304.272402703432419
-304.272402708618529
-304.272402710308086
-304.272402711058930
-304.272402711289033
-304.272402711469340
-304.272402711655843
-304.272402711591781
-304.272402711776465
-304.272402711743666
-304.272402710537619
-304.272402712080236
-304.272402715365104
-304.272402724724373
-304.272402724667018
-304.272402724305550
-304.272402724259564
-304.272402724267863
-304.272402724333176
-304.272402724629899
-304.272402725102097
-304.272402725486813
-304.272402725933375
-304.272402729053056
-304.272402735448850
-304.272402735598121
-304.272402735674234
-304.272402735747107
-304.272402735790592
-304.272402735814580
-304.272402735864205
-304.272402735906667
-304.272402735988749
-304.272402736035133
-304.272402736282572
-304.272402736630397
-304.272402736676895
-304.272402736694346
-304.272402736705601
-304.272402736713957
-304.272402736722256
-304.272402736789559
-304.272402736963329
-304.272402737016080
-304.272402737070422
-304.272402737187974
-304.272402737246694
-304.272402737267555
-304.272402737273580
-304.272402737273183
-304.272402737276536
-304.272402737285574
-304.272402737307459
-304.272402737318941
-304.272402737336677
-304.272402737364473
-304.272402737383175
-304.272402737416826
-304.272402737418986
-304.272402737427058
-304.272402737445077
-304.272402737454286
-304.272402737464006
-304.272402737475090
-304.272402737485095
-304.272402737491859
-304.272402737498282
-304.272402737522157
-304.272402737529717
-304.272402737530967
-304.272402737532047
-304.272402737533127
-304.272402737534037
-304.272402737534492
-304.272402737535515
-304.272402737536027
-304.272402737536027
-304.272403262068849
-304.272403278735624
-304.272403281980417
-304.272403282267476
-304.272403282309369
-304.272403282305163
-304.272403287382645
-304.272403292381455
-304.272403299596249
-304.272403304876946
-304.272403310650020
-304.272403322950424
-304.272403396442940
-304.272403600386724
-304.272403606906948
-304.272403609513219
-304.272403612264043
-304.272403615982341
-304.272403616796907
-304.272403619194961
-304.272403624376011
-304.272403637304535
-304.272403638147921
-304.272403638240917
-304.272403638466756
-304.272403638524622
-304.272403638541107
-304.272403638513993
-304.272403638504045
-304.272403638489777
-304.272403638503306
-304.272403638368758
-304.272403638438846
-304.272403638522746
-304.272403638677190
-304.272403638983690
-304.272403639199126
-304.272403639327933
-304.272403639396543
-304.272403639455717
-304.272403639514039
-304.272403639593165
-304.272403639709978
-304.272403639961681
-304.272403640032792
-304.272403640067466
-304.272403640129539
-304.272403640391133
-304.272403640496975
-304.272403640528353
-304.272403640534549
-304.272403640533298
-304.272403640533241
-304.272403874117629
-304.272403881121420
-304.272403882159438
-304.272403882282902
-304.272403882303422
-304.272403882303365
-304.272403884549476
-304.272403886762163
-304.272403889787483
-304.272403893130900
-304.272403896038327
-304.272403900547090
-304.272403908984586
-304.272403987202210
-304.272404033730368
-304.272404034404872
-304.272404034100418
-304.272404034059207
-304.272404034059207
-304.272404110269463
-304.272404112493120
-304.272404112750053
-304.272404112785239
-304.272404112792856
-304.272404112925358
-304.272404114237247
-304.272404115526683
-304.272404117785413
-304.272404121135366
-304.272404124726620
-304.272404145057521
-304.272404164733587
-304.272404170301854
-304.272404171912967
-304.272404171680762
-304.272404171531434
-304.272404171594303
-304.272404171711059
-304.272404171710889
-304.272404168053527
-304.272404184545167
-304.272404191142016
-304.272404194294268
-304.272404195067395
-304.272404195458250
-304.272404195611841
-304.272404195478885
-304.272404195756565
-304.272404196216939
-304.272404194432909
-304.272404194413298
-304.272404195896684
-304.272404195476668
-304.272404195731497
-304.272404195782144
-304.272404196692719
-304.272404197857782
-304.272404198386823
-304.272404199064965
-304.272404199057974
-304.272404199098617
-304.272404198949005
-304.272404198930872
-304.272404198844015
-304.272404199072753
-304.272404199131984
-304.272404199217874
-304.272404199522327
-304.272404200346045
-304.272404200902656
-304.272404201099505
-304.272404201582503
-304.272404201890254
-304.272404202321297
-304.272404203045141
-304.272404203163262
-304.272404203582596
-304.272404203651661
-304.272404203729991
-304.272404203700660
-304.272404203669396
-304.272404203468284
-304.272404203600331
-304.272404203674000
-304.272404203819178
-304.272404203928772
-304.272404204023985
-304.272404204134943
-304.272404204244992
-304.272404204352767
-304.272404204459747
-304.272404204507666
-304.272404204784948
-304.272404206150838
-304.272404206615477
-304.272404206832107
-304.272404206966314
-304.272404207088641
-304.272404207189311
-304.272404207317152
-304.272404207403667
-304.272404207480861
-304.272404207562204
-304.272404207594093
-304.272404207597674
-304.272404207631780
-304.272404207635191
-304.272404207648037
-304.272404207670149
-304.272404207691864
-304.272404207724207
-304.272404207777754
-304.272404207820443
-304.272404207884279
-304.272404207935551
-304.272404207943055
-304.272404207949421
-304.272404207952150
-304.272404207953343
-304.272404207953684
-304.272404207953684
-304.272404268414732
-304.272404270182960
-304.272404270304605
-304.272404270323932
-304.272404270340019
-304.272404270941820
-304.272404271533958
-304.272404272158781
-304.272404278117165
-304.272404308428747
-304.272404310276954
-304.272404311816558
-304.272404312387096
-304.272404312601225
-304.272404312665230
-304.272404312723495
-304.272404312803360
-304.272404313066318
-304.272404313747245
-304.272404314495191
-304.272404314850689
-304.272404314934022
-304.272404314978928
-304.272404315021106
-304.272404315071697
-304.272404315086874
-304.272404315132917
-304.272404315179244
-304.272404315178449
-304.272404315190158
-304.272404315194592
-304.272404315201243
-304.272404315230915
-304.272404315296797
-304.272404315365691
-304.272404315381607
-304.272404315396727
-304.272404315403264
-304.272404315410085
-304.272404315415031
-304.272404315416395
-304.272404315416907
-304.272404315418783
-304.272404315420658
-304.272404315428844
-304.272404315438735
-304.272404315442600
-304.272404315443453
-304.272404315443964
-304.272404315445442
-304.272404315446295
-304.272404315449876
-304.272404315451354
-304.272404315452206
-304.272404315452604
-304.272404315452832
-304.272404315452718
-304.272404346569829
-304.272404347504278
-304.272404347566010
-304.272404347574252
-304.272404347585564
-304.272404347891893
-304.272404348194073
-304.272404348351074
-304.272404348411158
-304.272404348411271
-304.272404348414341
-304.272404348441569
-304.272404348743805
-304.272404349041494
-304.272404349227656
-304.272404349408532
-304.272404352124795
-304.272404353926220
-304.272404354637217
-304.272404357436642
-304.272404369923549
-304.272404370218169
-304.272404370234881
-304.272404370243407
-304.272404370242214
-304.272404370233630
-304.272404370225900
-304.272404370235449
-304.272404370240565
-304.272404370246136
-304.272404370166896
-304.272404370243805
-304.272404370437698
-304.272404370955371
-304.272404371123628
-304.272404371149833
-304.272404371167795
-304.272404371173138
-304.272404371176776
-304.272404371179960
-304.272404371183882
-304.272404371187235
-304.272404371207699
-304.272404371217590
-304.272404371218329
-304.272404371218613
-304.272404371218499
-304.272404386937922
-304.272404387415406
-304.272404387444226
-304.272404387447637
-304.272404387439110
-304.272404387596396
-304.272404387750157
-304.272404387901531
-304.272404388028235
-304.272404388102018
-304.272404388265556
-304.272404388774021
-304.272404389910491
-304.272404393470822
-304.272404398076844
-304.272404398421145
-304.272404398545405
-304.272404398605261
-304.272404398682966
-304.272404398766923
-304.272404398909998
-304.272404398935464
-304.272404398967296
-304.272404399062964
-304.272404399137315
-304.272404399199672
-304.272404399234404
-304.272404399267714
-304.272404399278059
-304.272404399283232
-304.272404399285620
-304.272404399288632
-304.272404399293237
-304.272404399294942
-304.272404399295510
-304.272404399296136
-304.272404399297159
-304.272404399298352
-304.272404399300399
-304.272404399301422
-304.272404399301308
-304.272404399303809
-304.272404399304435
-304.272404399304435
-304.272404407527233
-304.272404407779959
-304.272404407796728
-304.272404407801218
-304.272404407882618
-304.272404407962654
-304.272404408010232
-304.272404408050591
-304.272404408084810
-304.272404408118859
-304.272404408234024
-304.272404408370107
-304.272404408566558
-304.272404408902389
-304.272404410427839
-304.272404413441620
-304.272404413595041
-304.272404413660865
-304.272404413660752
-304.272404417025427
-304.272404417133600
-304.272404417142980
-304.272404417122914
-304.272404417173391
-304.272404417222276
-304.272404417248822
-304.272404417339374
-304.272404417701978
-304.272404418035705
-304.272404418404335
-304.272404418847429
-304.272404419977704
-304.272404420368844
-304.272404420476676
-304.272404420565010
-304.272404420644193
-304.272404420659029
-304.272404420667272
-304.272404420703594
-304.272404420739747
-304.272404420747876
-304.272404420774706
-304.272404420804833
-304.272404420871226
-304.272404420883731
-304.272404420891405
-304.272404420894077
-304.272404420893565
-304.272404420893054
-304.272404420894190
-304.272404420894873
-304.272404420896237
-304.272404420898283
-304.272404420900443
-304.272404420902660
-304.272404420905843
-304.272404420909652
-304.272404420910675
-304.272404420911641
-304.272404420911698
-304.272404423237958
-304.272404423312992
-304.272404423318505
-304.272404423343573
-304.272404423368755
-304.272404423368698
-304.272404423370176
-304.272404423383307
-304.272404423408148
-304.272404423433215
