-303.744538234486129
-303.917043501034129
-303.993075157635587
-303.996380548148863
-303.996433453741531
-303.996446516117089
-303.996447147763661
-303.996447163121388
-303.996447163791345
-303.996447163835171
-303.996447163835114
-304.000784823189633
-304.058282243643248
-304.074142310513480
-304.114993736081033
-304.147075792904388
-304.180766760523738
-304.201826689885081
-304.217751422722927
-304.228805541777945
-304.237389430855842
-304.243399869682548
-304.247739816059550
-304.250727600229197
-304.252911101569282
-304.254459104151579
-304.255520965910989
-304.256117528838956
-304.256328062881892
-304.256278406159197
-304.256114175797848
-304.255970755093983
-304.255914754185653
-304.255987773577090
-304.256202182698814
-304.256565199050840
-304.257082186568425
-304.257737327793564
-304.258515201385592
-304.259368149893078
-304.260261657887213
-304.261144044688365
-304.261992397350070
-304.262778301811522
-304.263498358752884
-304.264141656221000
-304.264711981307244
-304.265204779857527
-304.265625562261050
-304.265975355854323
-304.266263742605133
-304.266498523855773
-304.266692311023121
-304.266854905528021
-304.266996687608810
-304.267124277593837
-304.267243421087358
-304.267356769307980
-304.267466664631229
-304.267573637305020
-304.267678922577659
-304.267782827156680
-304.267886741071493
-304.267991078651562
-304.268097111813574
-304.268204734650226
-304.268314594058609
-304.268425747805395
-304.268538144540400
-304.268650131180664
-304.268761154981519
-304.268869222138619
-304.268973622795613
-304.269072490296594
-304.269165303742625
-304.269250685481495
-304.269328508539729
-304.269398050844018
-304.269459637236707
-304.269513196881576
-304.269559437007899
-304.269598783037509
-304.269632153712962
-304.269660243284477
-304.269684012923506
-304.269704247482593
-304.269721858651963
-304.269737614701739
-304.269752324992453
-304.269766648563575
-304.269781237106145
-304.269796560571820
-304.269813083754968
-304.269831056315184
-304.269850761456269
-304.269872216554120
-304.269895497317464
-304.269920324824511
-304.269946464187001
-304.269973242174217
-304.270000036300075
-304.270025835296849
-304.270049815353616
-304.270071025691834
-304.270088931985299
-304.270103170680215
-304.270113863319693
-304.270121359453810
-304.270126286339632
-304.270129338811273
-304.270131216759466
-304.270132543384364
-304.270133815941563
-304.270135423994532
-304.270137638796825
-304.270140647935534
-304.270144575030599
-304.270149470320803
-304.270155358988688
-304.270162167952321
-304.270169809729907
-304.270178061947547
-304.270186698975238
-304.270195366356631
-304.270203760780760
-304.270211529248002
-304.270218453063535
-304.270224355430003
-304.270229221835280
-304.270233097557195
-304.270236131808190
-304.270238489286896
-304.270240359792524
-304.270241908824744
-304.270243284707362
-304.270244600705325
-304.270245946395676
-304.270247380360161
-304.270248945395622
-304.270250657708857
-304.270252527299363
-304.270254539062535
-304.270256680189505
-304.270258913966131
-304.270261213915717
-304.270263532696561
-304.270265840142315
-304.270268089649221
-304.270270256104482
-304.270272302280603
-304.270274213371124
-304.270275966057284
-304.270277557745942
-304.270278980317244
-304.270280243136028
-304.270281352166933
-304.270282326601375
-304.270283182817423
-304.270283945417646
-304.270284635111921
-304.270285276057791
-304.270285886691056
-304.270286485779309
-304.270287085059749
-304.270287695824891
-304.270288322029501
-304.270288968196439
-304.270289631785715
-304.270290312451777
-304.270291003124441
-304.270291700297719
-304.270292394030321
-304.270293078847544
-304.270293743432433
-304.270294381591441
-304.270294982586051
-304.270295541434507
-304.270296050559750
-304.270296508530578
-304.270296913160962
-304.270297267922558
-304.270297576292705
-304.270297845726873
-304.270298083166836
-304.270298297330953
-304.270298495387749
-304.270298684653426
-304.270298870224167
-304.270299056794443
-304.270299246714842
-304.270299442180544
-304.270299643176031
-304.270299850047934
-304.270300061069975
-304.270300275361819
-304.270300490100567
-304.270300703702731
-304.270300912905157
-304.270301116023063
-304.270301310112245
-304.270301494062096
-304.270301665955287
-304.270301825735146
-304.270301972813797
-304.270302108183557
-304.270302232317761
-304.270302346801145
-304.270302452572366
-304.270302551240036
-304.270302643666582
-304.270302731111201
-304.270302814090940
-304.270302893428493
-304.270302969292061
-304.270303042182888
-304.270303112074089
-304.270303179335087
-304.270303243923706
-304.270303306232847
-304.270303366317876
-304.270303424651956
-304.270303481372991
-304.270303536986148
-304.270303591620745
-304.270303645711863
-304.270303699267856
-304.270303752562597
-304.270303805410265
-304.270303857876286
-304.270303909557526
-304.270303960318813
-304.270304009595122
-304.270304057119574
-304.270304102294517
-304.270304144868931
-304.270304184384145
-304.270304220772800
-304.270304253862435
-304.270304283851999
-304.270304310876895
-304.270304335354922
-304.270304357621399
-304.270304378172170
-304.270304397376378
-304.270304415675241
-304.270304433350645
-304.270304450719607
-304.270304467925996
-304.270304485146141
-304.270304502392719
-304.270304519729564
-304.270304537064987
-304.270304554384097
-304.270304571538873
-304.270304588478439
-304.270304605040792
-304.270304621181310
-304.270304636761068
-304.270304651767162
-304.270304666103641
-304.270304679793185
-304.270304692778780
-304.270304705108856
-304.270304716750843
-304.270304727756752
-304.270304738105665
-304.270304747844591
-304.270304756957501
-304.270304765487140
-304.270304773427824
-304.270304780825143
-304.270304787690634
-304.270304794086371
-304.270304800046858
-304.270304805650767
-304.270304810949028
-304.270304816026851
-304.270304820941021
-304.270304825767880
-304.270304830548412
-304.270304835340539
-304.270304840163362
-304.270304845048543
-304.270304849986871
-304.270304854983578
-304.270304860002284
-304.270304865026503
-304.270304869993709
-304.270304874873830
-304.270304879592004
-304.270304884108498
-304.270304888353110
-304.270304892296906
-304.270304895897084
-304.270304899147504
-304.270304902042653
-304.270304904613681
-304.270304906889010
-304.270304908922867
-304.270304910763969
-304.270304912473307
-304.270304914099142
-304.270304915690588
-304.270304917282772
-304.270304918907584
-304.270304920581395
-304.270304922318985
-304.270304924116317
-304.270304925978166
-304.270304927886798
-304.270304929832946
-304.270304931789724
-304.270304933742125
-304.270304935656156
-304.270304937513004
-304.270304939279640
-304.270304940941628
-304.270304942472990
-304.270304943868894
-304.270304945116720
-304.270304946226418
-304.270304947199861
-304.270304948054672
-304.270304948808246
-304.270304949482409
-304.270304950094612
-304.270304950668276
-304.270304951217497
-304.270304951759272
-304.270304952303263
-304.270304952860442
-304.270304953433140
-304.270304954027608
-304.270304954642825
-304.270304955277936
-304.270304955929873
-304.270304956596874
-304.270304957270582
-304.270304957946223
-304.270304958616066
-304.270304959273972
-304.270304959909140
-304.270304960517819
-304.270304961089380
-304.270304961621036
-304.270304962105342
-304.270304962542639
-304.270304962929742
-304.270304963269780
-304.270304963564911
-304.270304963821388
-304.270304964044158
-304.270304964241632
-304.270304964419665
-304.270304964585989
-304.270304964745321
-304.270304964904085
-304.270304965066202
-304.270304965234629
-304.270304965412663
-304.270304965600531
-304.270304965799028
-304.270304966007814
-304.270304966225922
-304.270304966452500
-304.270304966683113
-304.270304966916569
-304.270304967148320
-304.270304967375694
-304.270304967594370
-304.270304967801849
-304.270304967994036
-304.270304968169285
-304.270304968325775
-304.270304968463392
-304.270304968581911
-304.270304968683377
-304.270304968770688
-304.270304968846915
-304.270304968913365
-304.270304968973733
-304.270304969030406
-304.270304969087704
-304.270304969144547
-304.270304969204517
-304.270304969267386
-304.270304969334177
-304.270304969404322
-304.270304969477991
-304.270304969555241
-304.270304969634310
-304.270304969714402
-304.270304969795177
-304.270304969874871
-304.270304969951951
-304.270304970025279
-304.270304970094003
-304.270304970158008
-304.270304970215534
-304.270304970267489
-304.270304970313987
-304.270304970354346
-304.270304970390441
-304.270304970423808
-304.270304970452628
-304.270304970479856
-304.270304970506288
-304.270304970532322
-304.270304970558357
-304.270304970584732
-304.270304970612870
-304.270304970640836
-304.270304970670281
-304.270304970700522
-304.270304970731729
-304.270304970762709
-304.270304970793973
-304.270304970824100
-304.270304970853658
-304.270304970881682
-304.270304970908057
-304.270304970931818
-304.270304970953816
-304.270304970974109
-304.270304970991845
-304.270304971006624
-304.270304971019300
-304.270304971031351
-304.270304971041810
-304.270304971051587
-304.270304971061194
-304.270304971070004
-304.270304971079611
-304.270304971088819
-304.270304971099222
-304.270304971109056
-304.270304971119742
-304.270304971131793
-304.270304971144014
-304.270304971156179
-304.270304971169082
-304.270304971181474
-304.270304971194491
-304.270304971206770
-304.270304971218309
-304.270304971229223
-304.270304971238943
-304.270304971248606
-304.270304971256792
-304.270304971264011
-304.270304971269752
-304.270304971275493
-304.270304971280268
-304.270304971284702
-304.270304971288226
-304.270304971291182
-304.270304971294991
-304.270304971298003
-304.270304971300789
-304.270304971304085
-304.270304971307382
-304.270304971310622
-304.270304971315227
-304.270304971318751
-304.270304971322219
-304.270304971326652
-304.270304971331484
-304.270304971335918
-304.270304971340408
-304.270304971345183
-304.270304971348708
-304.270304971352516
-304.270304971356325
-304.270304971359508
-304.270304971363089
-304.270304971365590
-304.270304971367636
-304.270304971370535
-304.270304971372923
-304.270304971374685
-304.270304971376447
-304.270304971377698
-304.270304971379176
-304.270304971380654
-304.270304971382188
-304.270304971383325
-304.270304971385997
-304.270304971387247
-304.270304971388953
-304.270304971389862
-304.270304971391340
-304.270304971393671
-304.270304971394694
-304.270304971395603
-304.270304971397252
-304.270304971398900
-304.270304971399810
-304.270304971401401
-304.270304971402538
-304.270304971403789
-304.270304971404471
-304.270304971405665
-304.270304971406745
-304.270304971406972
-304.270304971408279
-304.270304971408905
-304.270304971409701
-304.270304971410440
-304.270304971411292
-304.270304971412429
-304.270304971412429
-304.270304971412997
-304.270304971413850
-304.270304971414703
-304.270304971415271
-304.270304971415896
-304.270304971416408
-304.270304971417318
-304.270304971417772
-304.270304971418398
-304.270304971419193
-304.270304971418909
-304.270304971420046
-304.270304971420160
-304.270304971420842
-304.270304971421467
-304.270304971421297
-304.270304971422206
-304.270304971422320
-304.270304971422604
-304.270304971423002
-304.270304971423457
-304.270304971423798
-304.270304971423968
-304.270304971423798
-304.270304971424480
-304.270304971424366
-304.270304971424252
-304.270304971424707
-304.270304971425105
-304.270304971425219
-304.270304971424991
-304.270304971425276
-304.270304971426583
-304.270304971427038
-304.270304971426185
-304.270304971426526
-304.270304971427322
-304.270304971427038
-304.270304971428004
-304.270304971427208
-304.270304971427947
-304.270304971427720
-304.270304971428004
-304.270304971428345
-304.270304971428573
-304.270304971428118
-304.270304971428118
-304.270304971428573
-304.270304971428970
-304.270304971428686
-304.270304971429027
-304.270304971428232
-304.270304971428970
-304.270304971429312
-304.270304971428800
-304.270304971429368
-304.270304971429823
-304.270304971429084
-304.270304971429312
-304.270304971429880
-304.270304971429596
-304.270304971429709
-304.270304971429198
-304.270304971430392
-304.270304971429823
-304.270304971430107
-304.270304971430164
-304.270304971430392
-304.270304971429937
-304.270304971430505
-304.270304971429994
-304.270304971430335
-304.270304971430107
-304.270304971431187
-304.270304971430789
-304.270304971430278
-304.270304971430392
-304.272086948316883
-304.272132720997945
-304.272136182895508
-304.272136878604101
-304.272136908585935
-304.272136910676068
-304.272136910867061
-304.272136910881386
-304.272136911515361
-304.272140693370829
-304.272295563560476
-304.272297650374583
-304.272304188491830
-304.272304542154245
-304.272305014751794
-304.272304883211291
-304.272305001427753
-304.272306295289866
-304.272306728545402
-304.272308010760867
-304.272308450070227
-304.272309261055568
-304.272309510273942
-304.272309849736246
-304.272309974555753
-304.272310164521798
-304.272310263624092
-304.272310467722718
-304.272310570586399
-304.272310815908838
-304.272310924602607
-304.272311190546930
-304.272311300475565
-304.272311553331576
-304.272311655067369
-304.272311857066143
-304.272311936328379
-304.272312059487035
-304.272312106404627
-304.272312153486382
-304.272312174423973
-304.272312181546283
-304.272312194297342
-304.272312202877970
-304.272312220562981
-304.272312254003907
-304.272312280831045
-304.272312345864975
-304.272312382532618
-304.272312477446690
-304.272312524249458
-304.272312641490373
-304.272312696766562
-304.272312821300886
-304.272312878406751
-304.272312988987039
-304.272313037358970
-304.272313115979387
-304.272313148096998
-304.272313190613374
-304.272313207088246
-304.272313222762875
-304.272313229570329
-304.272313231692806
-304.272313234710623
-304.272313233393788
-304.272313236095727
-304.272313236864875
-304.272313240771155
-304.272313245893315
-304.272313251511605
-304.272313261401507
-304.272313268748974
-304.272313282843072
-304.272313291657440
-304.272313308977289
-304.272313318867020
-304.272313338399613
-304.272313348979310
-304.272313369852952
-304.272313380796049
-304.272313402184579
-304.272313413161100
-304.272313434036391
-304.272313444562144
-304.272313463518515
-304.272313472881592
-304.272313488295367
-304.272313495700814
-304.272313506327635
-304.272313511299558
-304.272313516996292
-304.272313519731028
-304.272313521677290
-304.272313522991226
-304.272313523150387
-304.272313524035383
-304.272313524311983
-304.272313525513368
-304.272313527198946
-304.272313529089274
-304.272313532799103
-304.272313535499848
-304.272313541350229
-304.272313544875260
-304.272313552637570
-304.272313556932318
-304.272313566041078
-304.272313570890901
-304.272313580384548
-304.272313585307359
-304.272313593909644
-304.272313598212236
-304.272313604740930
-304.272313607845888
-304.272313611802701
-304.272313613607935
-304.272313615406290
-304.272313616286624
-304.272313616866029
-304.272313617337886
-304.272313617589361
-304.272313618029898
-304.272313618511191
-304.272313619100657
-304.272313620053524
-304.272313620847513
-304.272313622315835
-304.272313623313437
-304.272313625226388
-304.272313626398500
-304.272313628616530
-304.272313629905511
-304.272313632255248
-304.272313633581291
-304.272313635892885
-304.272313637177888
-304.272313639332708
-304.272313640523748
-304.272313642463644
-304.272313643534460
-304.272313645238285
-304.272313646177395
-304.272313647631620
-304.272313648428280
-304.272313649607270
-304.272313650246019
-304.272313651122033
-304.272313651590423
-304.272313652155276
-304.272313652459218
-304.272313652750597
-304.272313652927096
-304.272313653035894
-304.272313653142135
-304.272313653186757
-304.272313653285948
-304.272313653376216
-304.272313653517699
-304.272313653734273
-304.272313653945616
-304.272313654330333
-304.272313654623304
-304.272313655184519
-304.272313655557753
-304.272313656269262
-304.272313656706842
-304.272313657513280
-304.272313657984455
-304.272313658805160
-304.272313659264739
-304.272313660011491
-304.272313660414397
-304.272313661015517
-304.272313661328042
-304.272313661748683
-304.272313661961789
-304.272313662211502
-304.272313662339513
-304.272313662458203
-304.272313662527324
-304.272313662567740
-304.272313662606621
-304.272313662619069
-304.272313662654824
-304.272313662678869
-304.272313662726617
-304.272313662788747
-304.272313662857471
-304.272313662968486
-304.272313663060913
-304.272313663223656
-304.272313663337343
-304.272313663545617
-304.272313663678290
-304.272313663920897
-304.272313664067724
-304.272313664331477
-304.272313664485182
-304.272313664753540
-304.272313664906619
-304.272313665159231
-304.272313665302022
-304.272313665520755
-304.272313665641377
-304.272313665811282
-304.272313665903596
-304.272313666018817
-304.272313666081288
-304.272313666148136
-304.272313666186278
-304.272313666221294
-304.272313666245395
-304.272313666264495
-304.272313666284788
-304.272313666302182
-304.272313666322873
-304.272313666347827
-304.272313666372554
-304.272313666410867
-304.272313666441505
-304.272313666492835
-304.272313666529783
-304.272313666593732
-304.272313666636478
-304.272313666709465
-304.272313666757043
-304.272313666837533
-304.272313666886987
-304.272313666970945
-304.272313667021194
-304.272313667103731
-304.272313667151877
-304.272313667229014
-304.272313667273636
-304.272313667340939
-304.272313667379592
-304.272313667435583
-304.272313667466562
-304.272313667506864
-304.272313667530170
-304.272313667558024
-304.272313667572917
-304.272313667588719
-304.272313667597757
-304.272313667605488
-304.272313667611741
-304.272313667615151
-304.272313667620097
-304.272313667623166
-304.272313667628907
-304.272313667636013
-304.272313667643175
-304.272313667655794
-304.272313667665856
-304.272313667683534
-304.272313667697063
-304.272313667721107
-304.272313667737308
-304.272313667765957
-304.272313667784090
-304.272313667816888
-304.272313667835931
-304.272313667868616
-304.272313667886976
-304.272313667917501
-304.272313667934725
-304.272313667960077
-304.272313667973833
-304.272313667993046
-304.272313668003392
-304.272313668015670
-304.272313668022093
-304.272313668029199
-304.272313668032666
-304.272313668034769
-304.272313668037270
-304.272313668037896
-304.272313668039487
-304.272313668039942
-304.272313668041249
-304.272313668043182
-304.272313668045001
-304.272313668048923
-304.272313668052789
-304.272313668058473
-304.272313668063305
-304.272313668071149
-304.272313668076890
-304.272313668086724
-304.272313668094114
-304.272313668105937
-304.272313668112815
-304.272313668125435
-304.272313668132483
-304.272313668144250
-304.272313668150673
-304.272313668160621
-304.272313668166362
-304.272313668173695
-304.272313668177503
-304.272313668182960
-304.272313668185916
-304.272313668188872
-304.272313668190691
-304.272313668192055
-304.272313668193590
-304.272313668194272
-304.272313668195409
-304.272313668197171
-304.272313668198137
-304.272313668199445
-304.272313668200979
-304.272313668202457
-304.272313668203878
-304.272313668207914
-304.272313668209222
-304.272313668212746
-304.272313668214792
-304.272313668219454
-304.272313668221614
-304.272313668225820
-304.272313668228151
-304.272313668232130
-304.272313668234744
-304.272313668238667
-304.272313668240997
-304.272313668244863
-304.272313668245999
-304.272313668248444
-304.272313668250547
-304.272313668252707
-304.272313668254469
-304.272313668254753
-304.272313668255890
-304.272313668256572
-304.272313668257141
-304.272313668257368
-304.272313668258221
-304.272313668259301
-304.272313668259528
-304.272313668260267
-304.272313668260836
-304.272313668262029
-304.272313668262598
-304.272313668263735
-304.272313668265213
-304.272313668266520
-304.272313668267543
-304.272313668268339
-304.272313668269476
-304.272313668271920
-304.272313668272773
-304.272313668273966
-304.272313668275729
-304.272313668276638
-304.272313668277661
-304.272313668279480
-304.272313668279708
-304.272313668280333
-304.272313668281299
-304.272313668281754
-304.272313668281868
-304.272313668283005
-304.272313668283743
-304.272313668283346
-304.272313668284198
-304.272313668284085
-304.272313668284596
-304.272313668284539
-304.272313668284085
-304.272313668284937
-304.272313668284767
-304.272313668285562
-304.272313668286017
-304.272313668286301
-304.272313668286472
-304.272313668286813
-304.272313668286984
-304.272313668288575
-304.272313668288461
-304.272313668289371
-304.272313668289542
-304.272313668290224
-304.272313668291531
-304.272313668291304
-304.272313668292270
-304.272313668292725
-304.272313668293066
-304.272313668293464
-304.272313668293634
-304.272313668294544
-304.272313668294316
-304.272313668294203
-304.272313668295055
-304.272313668295396
-304.272313668295055
-304.272313668295226
-304.272313668295283
-304.272313668294771
-304.272313668295396
-304.272313668295055
-304.272313668295681
-304.272313668294885
-304.272313668295340
-304.272313668296135
-304.272313668296135
-304.272313668296135
-304.272313668296704
-304.272313668296022
-304.272313668297443
-304.272313668296931
-304.272313668297102
-304.272313668297443
-304.272313668297613
-304.272313668298011
-304.272313668298068
-304.272355368394301
-304.272356907339542
-304.272357401783211
-304.272357418129843
-304.272357420130163
-304.272357420310982
-304.272357420325420
-304.272357419995387
-304.272357754370262
-304.272376181782022
-304.272376291421210
-304.272377094071146
-304.272377159751727
-304.272377310169247
-304.272377313306379
-304.272377267890590
-304.272377275756298
-304.272377315520089
-304.272377327640982
-304.272377382501702
-304.272377395836259
-304.272377458310928
-304.272377475408348
-304.272377548685256
-304.272377569741593
-304.272377631103154
-304.272377649573173
-304.272377694763748
-304.272377709265186
-304.272377736104943
-304.272377743621746
-304.272377750532200
-304.272377752233183
-304.272377750614567
-304.272377751202271
-304.272377750109854
-304.272377751333920
-304.272377753233343
-304.272377755277432
-304.272377760083089
-304.272377762819133
-304.272377769854415
-304.272377773120695
-304.272377781551313
-304.272377785154958
-304.272377793954377
-304.272377797578031
-304.272377805599831
-304.272377808825468
-304.272377815202390
-304.272377817754091
-304.272377822366252
-304.272377824286366
-304.272377827638422
-304.272377829154493
-304.272377831873200
-304.272377833197254
-304.272377835716668
-304.272377836974783
-304.272377839479816
-304.272377840707918
-304.272377843161564
-304.272377844328389
-304.272377846549148
-304.272377847577332
-304.272377849345503
-304.272377850158421
-304.272377851365263
-304.272377851952342
-304.272377852692500
-304.272377853121441
-304.272377853624789
-304.272377853997000
-304.272377854507965
-304.272377854905983
-304.272377855606635
-304.272377856082414
-304.272377857071945
-304.272377857647086
-304.272377858952154
-304.272377859625578
-304.272377861207474
-304.272377861965197
-304.272377863727229
-304.272377864536850
-304.272377866324348
-304.272377867123112
-304.272377868737351
-304.272377869439083
-304.272377870672187
-304.272377871185199
-304.272377871901767
-304.272377872178311
-304.272377872390791
-304.272377872468155
-304.272377872349978
-304.272377872330367
-304.272377872122092
-304.272377872112429
-304.272377872007098
-304.272377872063259
-304.272377872160860
-304.272377872295010
-304.272377872617540
-304.272377872823597
-304.272377873354685
-304.272377873625771
-304.272377874325514
-304.272377874656115
-304.272377875463746
-304.272377875835332
-304.272377876651205
-304.272377877020688
-304.272377877719691
-304.272377878023065
-304.272377878494638
-304.272377878682391
-304.272377878896918
-304.272377878970701
-304.272377878991620
-304.272377878995371
-304.272377878926704
-304.272377878912096
-304.272377878841098
-304.272377878838654
-304.272377878813074
-304.272377878833197
-304.272377878869520
-304.272377878911925
-304.272377879007877
-304.272377879070802
-304.272377879216094
-304.272377879295902
-304.272377879476664
-304.272377879568694
-304.272377879768044
-304.272377879865417
-304.272377880063402
-304.272377880159524
-304.272377880337729
-304.272377880422596
-304.272377880568854
-304.272377880636725
-304.272377880744614
-304.272377880795204
-304.272377880866713
-304.272377880900763
-304.272377880942145
-304.272377880962722
-304.272377880983527
-304.272377880995407
-304.272377881004445
-304.272377881012403
-304.272377881016268
-304.272377881023772
-304.272377881028945
-304.272377881037642
-304.272377881049351
-304.272377881059924
-304.272377881079535
-304.272377881094997
-304.272377881121997
-304.272377881141040
-304.272377881177079
-304.272377881199702
-304.272377881243244
-304.272377881266777
-304.272377881314071
-304.272377881338855
-304.272377881386035
-304.272377881410762
-304.272377881453281
-304.272377881476757
-304.272377881513705
-304.272377881532520
-304.272377881561738
-304.272377881575665
-304.272377881596981
-304.272377881607383
-304.272377881620571
-304.272377881627961
-304.272377881635634
-304.272377881639898
-304.272377881643422
-304.272377881646833
-304.272377881648765
-304.272377881651664
-304.272377881654279
-304.272377881657235
-304.272377881662237
-304.272377881666102
-304.272377881673663
-304.272377881679233
-304.272377881689636
-304.272377881696627
-304.272377881710725
-304.272377881719251
-304.272377881735281
-304.272377881744319
-304.272377881761940
-304.272377881770808
-304.272377881788771
-304.272377881797468
-304.272377881813554
-304.272377881821853
-304.272377881834529
-304.272377881840328
-304.272377881849422
-304.272377881853458
-304.272377881859086
-304.272377881860166
-304.272377881863861
-304.272377881864998
-304.272377881866248
-304.272377881867158
-304.272377881867612
-304.272377881868977
-304.272377881870909
-304.272377881871591
-304.272377881874434
-304.272377881876537
-304.272377881880061
-304.272377881882562
-304.272377881886598
-304.272377881889895
-304.272377881895466
-304.272377881898080
-304.272377881903083
-304.272377881905925
-304.272377881912348
-304.272377881915304
-304.272377881920022
-304.272377881922466
-304.272377881927127
-304.272377881929344
-304.272377881932982
-304.272377881935427
-304.272377881937416
-304.272377881938326
-304.272377881940884
-304.272377881941679
-304.272377881942191
-304.272377881942816
-304.272377881943612
-304.272377881944522
-304.272377881944919
-304.272377881946113
-304.272377881946625
-304.272377881946568
-304.272377881947932
-304.272377881948671
-304.272377881949808
-304.272377881951400
-304.272377881952877
-304.272377881953332
-304.272377881955322
-304.272377881956515
-304.272377881957993
-304.272377881958789
-304.272377881961461
-304.272377881962029
-304.272377881964303
-304.272377881964132
-304.272377881965042
-304.272377881966463
-304.272377881967202
-304.272377881968680
-304.272377881968282
-304.272377881968737
-304.272377881969817
-304.272377881969987
-304.272377881969987
-304.272377881970556
-304.272377881970897
-304.272377881971295
-304.272377881971352
-304.272377881971295
-304.272377881972261
-304.272377881972602
-304.272377881972545
-304.272377881972773
-304.272377881973739
-304.272377881974080
-304.272377881975501
-304.272377881975160
-304.272377881975729
-304.272377881976183
-304.272377881977604
-304.272377881978286
-304.272377881978684
-304.272377881978684
-304.272377881979025
-304.272377881979992
-304.272377881980162
-304.272377881980617
-304.272377881980731
-304.272377881981527
-304.272377881981640
-304.272377881981299
-304.272377881982436
-304.272377881982266
-304.272377881982891
-304.272377881982322
-304.272377881981981
-304.272377881982379
-304.272377881982720
-304.272377881982663
-304.272377881982663
-304.272377881983061
-304.272377881983346
-304.272377881983061
-304.272377881983687
-304.272377881983573
-304.272377881984085
-304.272377881983971
-304.272377881984426
-304.272377881984880
-304.272377881985221
-304.272377881985221
-304.272377881985221
-304.272377881985392
-304.272388276470906
-304.272388775524917
-304.272388923337701
-304.272388929284602
-304.272388930178408
-304.272388930250713
-304.272388930252077
-304.272388930025159
-304.272389027606437
-304.272394591017303
-304.272394618284750
-304.272394952411389
-304.272394965517208
-304.272394970249707
-304.272394972433915
-304.272394979575381
-304.272394982328137
-304.272394996848959
-304.272394999978985
-304.272395012805930
-304.272395016207156
-304.272395032064139
-304.272395036751334
-304.272395052125432
-304.272395056908181
-304.272395069815275
-304.272395074403903
-304.272395084817845
-304.272395088388635
-304.272395093207138
-304.272395094344574
-304.272395094533351
-304.272395094530623
-304.272395093613000
-304.272395093535181
-304.272395092849081
-304.272395092897739
-304.272395092694126
-304.272395092913428
-304.272395093274611
-304.272395093678483
-304.272395094641126
-304.272395095230934
-304.272395096775142
-304.272395097556114
-304.272395099586788
-304.272395100547783
-304.272395102850965
-304.272395103909957
-304.272395106170222
-304.272395107185787
-304.272395109123295
-304.272395109972308
-304.272395111413061
-304.272395112020433
-304.272395112888375
-304.272395113229891
-304.272395113567200
-304.272395113690152
-304.272395113659854
-304.272395113657353
-304.272395113455900
-304.272395113417133
-304.272395113202435
-304.272395113181744
-304.272395113056461
-304.272395113083007
-304.272395113108757
-304.272395113199877
-304.272395113409289
-304.272395113572600
-304.272395113972721
-304.272395114213225
-304.272395114782455
-304.272395115088898
-304.272395115759139
-304.272395116100938
-304.272395116770326
-304.272395117094447
-304.272395117657823
-304.272395117916687
-304.272395118311579
-304.272395118483189
-304.272395118708630
-304.272395118801796
-304.272395118894337
-304.272395118936458
-304.272395118950044
-304.272395118966244
-304.272395118950556
-304.272395118961470
-304.272395118949248
-304.272395118965790
-304.272395118978011
-304.272395119007797
-304.272395119055091
-304.272395119099144
-304.272395119183784
-304.272395119242674
-304.272395119362216
-304.272395119434066
-304.272395119581233
-304.272395119663656
-304.272395119828161
-304.272395119915700
-304.272395120088390
-304.272395120177350
-304.272395120345891
-304.272395120430303
-304.272395120582928
-304.272395120658132
-304.272395120784154
-304.272395120844521
-304.272395120935130
-304.272395120978217
-304.272395121034378
-304.272395121061152
-304.272395121087925
-304.272395121102363
-304.272395121112368
-304.272395121121008
-304.272395121125840
-304.272395121132888
-304.272395121139709
-304.272395121149032
-304.272395121163072
-304.272395121175691
-304.272395121198429
-304.272395121214174
-304.272395121244472
-304.272395121264026
-304.272395121301713
-304.272395121323768
-304.272395121365662
-304.272395121390218
-304.272395121434556
-304.272395121459454
-304.272395121504701
-304.272395121529257
-304.272395121572004
-304.272395121595252
-304.272395121634474
-304.272395121654938
-304.272395121687055
-304.272395121703880
-304.272395121727925
-304.272395121738896
-304.272395121755039
-304.272395121761747
-304.272395121768511
-304.272395121771865
-304.272395121771353
-304.272395121772433
-304.272395121768113
-304.272395121767772
-304.272395121764646
-304.272395121764191
-304.272395121761690
-304.272395121763054
-304.272395121765157
-304.272395121767886
-304.272395121774252
-304.272395121779368
-304.272395121789543
-304.272395121796876
-304.272395121811996
-304.272395121821205
-304.272395121838485
-304.272395121848490
-304.272395121867078
-304.272395121877878
-304.272395121895102
-304.272395121904708
-304.272395121918919
-304.272395121925456
-304.272395121934892
-304.272395121938587
-304.272395121943532
-304.272395121945181
-304.272395121945010
-304.272395121946090
-304.272395121944555
-304.272395121943873
-304.272395121941258
-304.272395121941713
-304.272395121939780
-304.272395121940121
-304.272395121939496
-304.272395121940917
-304.272395121941827
-304.272395121943759
-304.272395121947056
-304.272395121948762
-304.272395121953593
-304.272395121957118
-304.272395121962404
-304.272395121966042
-304.272395121972579
-304.272395121976786
-304.272395121983322
-304.272395121986790
-304.272395121992417
-304.272395121995999
-304.272395121999750
-304.272395122003218
-304.272395122006401
-304.272395122007936
-304.272395122010437
-304.272395122010437
-304.272395122011858
-304.272395122012369
-304.272395122012483
-304.272395122012881
-304.272395122013222
-304.272395122013279
-304.272395122013336
-304.272395122013393
-304.272395122014075
-304.272395122014927
-304.272395122015666
-304.272395122016860
-304.272395122017713
-304.272395122018338
-304.272395122020612
-304.272395122020839
-304.272395122023170
-304.272395122024250
-304.272395122026865
-304.272395122027660
-304.272395122029081
-304.272395122030332
-304.272395122032037
-304.272395122032890
-304.272395122033913
-304.272395122035448
-304.272395122036187
-304.272395122036812
-304.272395122037835
-304.272395122038063
-304.272395122038290
-304.272395122038631
-304.272395122039086
-304.272395122039427
-304.272395122039541
-304.272395122039597
-304.272395122039939
-304.272395122040166
-304.272395122040905
-304.272395122040678
-304.272395122041701
-304.272395122041530
-304.272395122041587
-304.272395122042269
-304.272395122043122
-304.272395122042951
-304.272395122043918
-304.272395122044600
-304.272395122044884
-304.272395122045793
-304.272395122046021
-304.272395122047044
-304.272395122047442
-304.272395122047442
-304.272395122047612
-304.272395122048351
-304.272395122048522
-304.272395122048863
-304.272395122049147
-304.272395122048863
-304.272395122049204
-304.272395122048692
-304.272395122049204
-304.272395122049375
-304.272395122049829
-304.272395122049488
-304.272395122049545
-304.272395122049659
-304.272395122050284
-304.272395122050170
-304.272395122051194
-304.272395122050511
-304.272395122050852
-304.272395122051250
-304.272395122051421
-304.272395122051364
-304.272398496016592
-304.272398640588506
-304.272398681897471
-304.272398683826623
-304.272398684111010
-304.272398684132384
-304.272398684200027
-304.272398716282282
-304.272400605381279
-304.272400614283413
-304.272400731900802
-304.272400735656106
-304.272400736879433
-304.272400737723558
-304.272400741899332
-304.272400742940647
-304.272400748061784
-304.272400749127542
-304.272400753431668
-304.272400754597243
-304.272400759690242
-304.272400761215920
-304.272400765973259
-304.272400767499448
-304.272400771601895
-304.272400773101708
-304.272400776411303
-304.272400777551411
-304.272400779082659
-304.272400779483121
-304.272400779688780
-304.272400779761199
-304.272400779631994
-304.272400779655413
-304.272400779526322
-304.272400779559291
-304.272400779503016
-304.272400779569523
-304.272400779652060
-304.272400779773079
-304.272400780041664
-304.272400780226803
-304.272400780696046
-304.272400780951443
-304.272400781601959
-304.272400781925512
-304.272400782691648
-304.272400783057890
-304.272400783842215
-304.272400784207662
-304.272400784909621
-304.272400785227319
-304.272400785766308
-304.272400785995160
-304.272400786312801
-304.272400786433593
-304.272400786533410
-304.272400786561491
-304.272400786510900
-304.272400786489641
-304.272400786375613
-304.272400786345770
-304.272400786237995
-304.272400786221624
-304.272400786163644
-304.272400786171374
-304.272400786184562
-304.272400786222988
-304.272400786317576
-304.272400786389255
-304.272400786567744
-304.272400786672506
-304.272400786921821
-304.272400787056597
-304.272400787344111
-304.272400787491335
-304.272400787766401
-304.272400787899699
-304.272400788114282
-304.272400788209950
-304.272400788341429
-304.272400788394066
-304.272400788447158
-304.272400788465973
-304.272400788466484
-304.272400788466541
-304.272400788442553
-304.272400788437210
-304.272400788411687
-304.272400788409755
-304.272400788397533
-304.272400788402251
-304.272400788409243
-304.272400788423681
-304.272400788453297
-304.272400788476602
-304.272400788527534
-304.272400788559708
-304.272400788627579
-304.272400788666118
-304.272400788746495
-304.272400788788957
-304.272400788871948
-304.272400788916116
-304.272400788995810
-304.272400789036112
-304.272400789104779
-304.272400789138544
-304.272400789189987
-304.272400789214942
-304.272400789248707
-304.272400789264168
-304.272400789281676
-304.272400789289350
-304.272400789295659
-304.272400789299468
-304.272400789299866
-304.272400789302765
-304.272400789303163
-304.272400789305891
-304.272400789310041
-304.272400789316066
-304.272400789324706
-304.272400789331584
-304.272400789345113
-304.272400789353867
-304.272400789371545
-304.272400789381720
-304.272400789402070
-304.272400789413723
-304.272400789435778
-304.272400789446976
-304.272400789468975
-304.272400789480798
-304.272400789501035
-304.272400789512119
-304.272400789530934
-304.272400789540256
-304.272400789555718
-304.272400789563278
-304.272400789575443
-304.272400789582207
-304.272400789591131
-304.272400789596361
-304.272400789602955
-304.272400789606309
-304.272400789609151
-304.272400789610629
-304.272400789612732
-304.272400789613471
-304.272400789613414
-304.272400789614323
-304.272400789613528
-304.272400789614153
-304.272400789613528
-304.272400789614437
-304.272400789616313
-304.272400789617393
-304.272400789619439
-304.272400789622054
-304.272400789626658
-304.272400789629501
-304.272400789635526
-304.272400789639278
-304.272400789646440
-304.272400789650533
-304.272400789658661
-304.272400789663152
-304.272400789670371
-304.272400789675544
-304.272400789682251
-304.272400789685094
-304.272400789691005
-304.272400789692881
-304.272400789696178
-304.272400789697656
-304.272400789699191
-304.272400789699759
-304.272400789699304
-304.272400789699077
-304.272400789698906
-304.272400789698224
-304.272400789697087
-304.272400789696974
-304.272400789696746
-304.272400789697315
-304.272400789697372
-304.272400789697883
-304.272400789699077
-304.272400789699759
-304.272400789701692
-304.272400789702658
-304.272400789704932
-304.272400789705898
-304.272400789709536
-304.272400789711071
-304.272400789713913
-304.272400789715789
-304.272400789718915
-304.272400789720450
-304.272400789723633
-304.272400789724259
-304.272400789726191
-304.272400789727840
-304.272400789729261
-304.272400789730227
-304.272400789730625
-304.272400789731137
-304.272400789731137
-304.272400789731648
-304.272400789731591
-304.272400789731535
-304.272400789731307
-304.272400789731648
-304.272400789731478
-304.272400789731876
-304.272400789732046
-304.272400789732615
-304.272400789732842
-304.272400789733126
-304.272400789734377
-304.272400789734832
-304.272400789735912
-304.272400789735741
-304.272400789737219
-304.272400789737674
-304.272400789738242
-304.272400789739038
-304.272400789739606
-304.272400789740402
-304.272400789741198
-304.272400789741823
-304.272400789742562
-304.272400789742278
-304.272400789742903
-304.272400789743187
-304.272400789743813
-304.272400789743813
-304.272400789743983
-304.272400789744779
-304.272400789744381
-304.272400789744211
-304.272400789745006
-304.272400789745120
-304.272400789745291
-304.272400789745234
-304.272400789745461
-304.272400789745575
-304.272400789745575
-304.272400789745802
-304.272400789746143
-304.272400789745916
-304.272400789746882
-304.272400789747053
-304.272400789747792
-304.272400789748019
-304.272402009833456
-304.272402054590259
-304.272402066149482
-304.272402066829784
-304.272402066929374
-304.272402066934774
-304.272402066937616
-304.272402078651282
-304.272402794952995
-304.272402798140092
-304.272402842234044
-304.272402843567932
-304.272402843967484
-304.272402844279441
-304.272402845895499
-304.272402846284649
-304.272402848128877
-304.272402848515242
-304.272402850033302
-304.272402850449794
-304.272402852264520
-304.272402852808284
-304.272402854535699
-304.272402855088274
-304.272402856607982
-304.272402857160216
-304.272402858422936
-304.272402858866712
-304.272402859533315
-304.272402859729425
-304.272402859913200
-304.272402859977490
-304.272402859998238
-304.272402860025295
-304.272402860002785
-304.272402860017792
-304.272402859989143
-304.272402860008640
-304.272402860017962
-304.272402860056388
-304.272402860136935
-304.272402860200714
-304.272402860362092
-304.272402860454747
-304.272402860689851
-304.272402860809791
-304.272402861095884
-304.272402861234184
-304.272402861534658
-304.272402861675914
-304.272402861950241
-304.272402862075751
-304.272402862287095
-304.272402862376396
-304.272402862498097
-304.272402862543345
-304.272402862575348
-304.272402862584329
-304.272402862559147
-304.272402862549768
-304.272402862503952
-304.272402862493323
-304.272402862455181
-304.272402862451543
-304.272402862436365
-304.272402862443641
-304.272402862459387
-304.272402862479794
-304.272402862530384
-304.272402862563922
-304.272402862647709
-304.272402862695913
-304.272402862805848
-304.272402862863942
-304.272402862983654
-304.272402863043681
-304.272402863152081
-304.272402863201989
-304.272402863279467
-304.272402863312607
-304.272402863353932
-304.272402863370871
-304.272402863382524
-304.272402863386503
-304.272402863379966
-304.272402863378318
-304.272402863366381
-304.272402863364221
-304.272402863353477
-304.272402863353932
-304.272402863351260
-304.272402863355580
-304.272402863363652
-304.272402863372065
-304.272402863390425
-304.272402863401737
-304.272402863430386
-304.272402863447041
-304.272402863482512
-304.272402863501839
-304.272402863541117
-304.272402863561524
-304.272402863599837
-304.272402863620357
-304.272402863654463
-304.272402863671743
-304.272402863698062
-304.272402863710397
-304.272402863727905
-304.272402863735806
-304.272402863744389
-304.272402863748027
-304.272402863751267
-304.272402863753314
-304.272402863753143
-304.272402863754337
-304.272402863754337
-304.272402863756270
-304.272402863757179
-304.272402863759567
-304.272402863763659
-304.272402863767411
-304.272402863773436
-304.272402863777813
-304.272402863786283
-304.272402863791399
-304.272402863801688
-304.272402863807201
-304.272402863818229
-304.272402863824709
-304.272402863834657
-304.272402863840796
-304.272402863851426
-304.272402863856485
-304.272402863865864
-304.272402863870184
-304.272402863877858
-304.272402863881723
-304.272402863887407
-304.272402863890647
-304.272402863895195
-304.272402863897810
-304.272402863900311
-304.272402863902357
-304.272402863904858
-304.272402863906223
-304.272402863906734
-304.272402863907132
-304.272402863907473
-304.272402863907814
-304.272402863908667
-304.272402863908894
-304.272402863908837
-304.272402863909974
-304.272402863910145
-304.272402863910827
-304.272402863912646
-304.272402863913783
-304.272402863915204
-304.272402863916966
-304.272402863919467
-304.272402863921513
-304.272402863924754
-304.272402863927084
-304.272402863930438
-304.272402863932768
-304.272402863936577
-304.272402863938169
-304.272402863941124
-304.272402863944023
-304.272402863946127
-304.272402863947150
-304.272402863949537
-304.272402863950447
-304.272402863952436
-304.272402863952607
-304.272402863952493
-304.272402863952323
-304.272402863953062
-304.272402863952379
-304.272402863952379
-304.272402863951982
-304.272402863951754
-304.272402863951811
-304.272402863951982
-304.272402863952038
-304.272402863952266
-304.272402863952834
-304.272402863954255
-304.272402863954085
-304.272402863954881
-304.272402863956074
-304.272402863956700
-304.272402863957495
-304.272402863959428
-304.272402863959655
-304.272402863961531
-304.272402863962611
-304.272402863963805
-304.272402863965340
-304.272402863965567
-304.272402863966818
-304.272402863967613
-304.272402863967670
-304.272402863968239
-304.272402863968409
-304.272402863968694
-304.272402863969148
-304.272402863969205
-304.272402863969319
-304.272402863969774
-304.272402863969432
-304.272402863969944
-304.272402863970228
-304.272402863969830
-304.272402863970001
-304.272402863970683
-304.272402863970626
-304.272402863970626
-304.272402863971308
-304.272402863971820
-304.272402863972047
-304.272402863973070
-304.272402863972729
-304.272402863973241
-304.272402863973809
-304.272402863973866
-304.272402863973809
-304.272403355056383
-304.272403370883296
-304.272403374123428
-304.272403374391502
-304.272403374430155
-304.272403374392525
-304.272403379126843
-304.272403679160050
-304.272403680406796
-304.272403698521316
-304.272403699016763
-304.272403698986466
-304.272403699106064
-304.272403699750043
-304.272403699903009
-304.272403700597351
-304.272403700743837
-304.272403701310850
-304.272403701469329
-304.272403702174415
-304.272403702388090
-304.272403703088798
-304.272403703315888
-304.272403703948498
-304.272403704179624
-304.272403704721285
-304.272403704916997
-304.272403705235149
-304.272403705334966
-304.272403705449221
-304.272403705485942
-304.272403705509191
-304.272403705521242
-304.272403705506974
-304.272403705508566
-304.272403705482361
-304.272403705483498
-304.272403705472982
-304.272403705483043
-304.272403705504303
-304.272403705527381
-304.272403705584225
-304.272403705619297
-304.272403705709849
-304.272403705757142
-304.272403705870033
-304.272403705925171
-304.272403706047101
-304.272403706105308
-304.272403706220189
-304.272403706272883
-304.272403706362070
-304.272403706400326
-304.272403706452963
-304.272403706471778
-304.272403706489456
-304.272403706492867
-304.272403706485761
-304.272403706483374
-304.272403706468083
-304.272403706464729
-304.272403706452451
-304.272403706452621
-304.272403706449381
-304.272403706453588
-304.272403706463194
-304.272403706472232
-304.272403706495993
-304.272403706510659
-304.272403706546243
-304.272403706565740
-304.272403706611044
-304.272403706634691
-304.272403706682326
-304.272403706705234
-304.272403706747127
-304.272403706766681
-304.272403706795842
-304.272403706808575
-304.272403706823582
-304.272403706828754
-304.272403706832733
-304.272403706833472
-304.272403706829607
-304.272403706828698
-304.272403706823241
-304.272403706822615
-304.272403706818807
-304.272403706819659
-304.272403706819091
-304.272403706821592
-304.272403706826481
-304.272403706831312
-304.272403706841487
-304.272403706847740
-304.272403706861553
-304.272403706869625
-304.272403706887303
-304.272403706896455
-304.272403706915270
-304.272403706924820
-304.272403706942157
-304.272403706950740
-304.272403706964838
-304.272403706971772
-304.272403706981322
-304.272403706985756
-304.272403706990815
-304.272403706991781
-304.272403706993828
-304.272403706994112
-304.272403706993316
-304.272403706993600
-304.272403706992975
-304.272403706992748
-304.272403706993430
-304.272403706994226
-304.272403706994965
-304.272403706996727
-304.272403706999739
-304.272403707002354
-304.272403707005935
-304.272403707009005
-304.272403707014064
-304.272403707016451
-304.272403707023443
-304.272403707026342
-304.272403707031685
-304.272403707034982
-304.272403707040326
-304.272403707043907
-304.272403707048511
-304.272403707051069
-304.272403707053911
-304.272403707055958
-304.272403707058572
-304.272403707059937
-304.272403707061414
-304.272403707062892
-304.272403707063177
-304.272403707063745
-304.272403707064939
-304.272403707065564
-304.272403707065450
-304.272403707065905
-304.272403707066985
-304.272403707067042
-304.272403707067440
-304.272403707067895
-304.272403707067610
-304.272403707068463
-304.272403707069202
-304.272403707069884
-304.272403707070225
-304.272403707071476
-304.272403707072499
-304.272403707073693
-304.272403707074716
-304.272403707075512
-304.272403707076933
-304.272403707078070
-304.272403707079604
-304.272403707080514
-304.272403707082162
-304.272403707083413
-304.272403707084948
-304.272403707085118
-304.272403707086539
-304.272403707086823
-304.272403707088074
-304.272403707089325
-304.272403707089552
-304.272403707089779
-304.272403707090461
-304.272403707090064
-304.272403707090518
-304.272403707090518
-304.272403707090177
-304.272403707090348
-304.272403707089950
-304.272403707090518
-304.272403707090291
-304.272403707090007
-304.272403707090518
-304.272403707090575
-304.272403707091200
-304.272403707091428
-304.272403707092167
-304.272403707091939
-304.272403707092508
-304.272403707092508
-304.272403707093929
-304.272403707093815
-304.272403707094441
-304.272403707094952
-304.272403707095975
-304.272403707095975
-304.272403920589966
-304.272403927005314
-304.272403927953917
-304.272403928064307
-304.272403928080848
-304.272403928146673
-304.272403930235782
-304.272404066662887
-304.272404067189768
-304.272404075219185
-304.272404075394832
-304.272404075240217
-304.272404075289614
-304.272404075586451
-304.272404075650343
-304.272404075931547
-304.272404075990607
-304.272404076231908
-304.272404076298244
-304.272404076608552
-304.272404076701889
-304.272404077014016
-304.272404077116505
-304.272404077401234
-304.272404077504746
-304.272404077746501
-304.272404077834551
-304.272404077977512
-304.272404078023385
-304.272404078075851
-304.272404078091824
-304.272404078095917
-304.272404078098191
-304.272404078081820
-304.272404078078125
-304.272404078056013
-304.272404078054080
-304.272404078042996
-304.272404078045668
-304.272404078051636
-304.272404078060788
-304.272404078083639
-304.272404078098134
-304.272404078136049
-304.272404078155546
-304.272404078204261
-304.272404078228021
-304.272404078280545
-304.272404078307034
-304.272404078358477
-304.272404078381328
-304.272404078422142
-304.272404078440047
-304.272404078464604
-304.272404078473755
-304.272404078482907
-304.272404078486545
-304.272404078485806
-304.272404078485579
-304.272404078481316
-304.272404078480065
-304.272404078476370
-304.272404078476768
-304.272404078477052
-304.272404078478644
-304.272404078482623
-304.272404078486147
-304.272404078496265
-304.272404078502120
-304.272404078515706
-304.272404078524005
-304.272404078540887
-304.272404078550039
-304.272404078567661
-304.272404078576471
-304.272404078591705
-304.272404078599266
-304.272404078610577
-304.272404078614898
-304.272404078621094
-304.272404078623822
-304.272404078625470
-304.272404078626266
-304.272404078625073
-304.272404078625300
-304.272404078624447
-304.272404078623936
-304.272404078623765
-304.272404078623765
-304.272404078624618
-304.272404078625641
-304.272404078629506
-304.272404078631098
-304.272404078635248
-304.272404078639227
-304.272404078645195
-304.272404078648492
-304.272404078656109
-304.272404078660145
-304.272404078667080
-304.272404078670945
-304.272404078677368
-304.272404078680609
-304.272404078685895
-304.272404078688396
-304.272404078691522
-304.272404078693000
-304.272404078694422
-304.272404078695047
-304.272404078695786
-304.272404078695615
-304.272404078695331
-304.272404078694763
-304.272404078695047
-304.272404078695502
-304.272404078696354
-304.272404078696638
-304.272404078697775
-304.272404078698173
-304.272404078700220
-304.272404078700788
-304.272404078703346
-304.272404078704426
-304.272404078706870
-304.272404078708746
-304.272404078710849
-304.272404078712611
-304.272404078715454
-304.272404078716477
-304.272404078718466
-304.272404078719660
-304.272404078721479
-304.272404078722104
-304.272404078723469
-304.272404078724435
-304.272404078725344
-304.272404078726140
-304.272404078726424
-304.272404078727050
-304.272404078727163
-304.272404078727845
-304.272404078728130
-304.272404078728130
-304.272404078728016
-304.272404078728982
-304.272404078728755
-304.272404078729267
-304.272404078729551
-304.272404078729437
-304.272404078729494
-304.272404078730119
-304.272404078730801
-304.272404078730858
-304.272404078730915
-304.272404078731427
-304.272404078731597
-304.272404078731768
-304.272404078733473
-304.272404078732905
-304.272404078734439
-304.272404078734382
-304.272404078735292
-304.272404078736145
-304.272404078736770
-304.272404078737281
-304.272404078737793
-304.272404078737964
-304.272404078738589
-304.272404078738759
-304.272404078738589
-304.272404078739612
-304.272404078739328
-304.272404078739100
-304.272404078739271
-304.272404078740124
-304.272404078739669
-304.272404078739839
-304.272404078739896
-304.272404078740010
-304.272404078740067
-304.272404078739669
-304.272404078740010
-304.272404078740067
-304.272404078740465
-304.272404078740067
-304.272404078740180
-304.272404078740351
-304.272404178476791
-304.272404181394393
-304.272404181683214
-304.272404181733464
-304.272404181741877
-304.272404181737841
-304.272404182722596
-304.272404248492649
-304.272404248726843
-304.272404252432978
-304.272404252496131
-304.272404252376589
-304.272404252397450
-304.272404252541492
-304.272404252568208
-304.272404252689796
-304.272404252714523
-304.272404252827585
-304.272404252858280
-304.272404253005220
-304.272404253050922
-304.272404253197919
-304.272404253247771
-304.272404253378625
-304.272404253428078
-304.272404253536195
-304.272404253575360
-304.272404253639763
-304.272404253660056
-304.272404253680406
-304.272404253685238
-304.272404253681771
-304.272404253679838
-304.272404253665911
-304.272404253661591
-304.272404253648062
-304.272404253645107
-304.272404253637887
-304.272404253639195
-304.272404253641071
-304.272404253644822
-304.272404253655623
-304.272404253662216
-304.272404253679667
-304.272404253688990
-304.272404253711329
-304.272404253723039
-304.272404253748050
-304.272404253759419
-304.272404253784828
-304.272404253796140
-304.272404253816376
-304.272404253824504
-304.272404253838658
-304.272404253842751
-304.272404253847753
-304.272404253850198
-304.272404253850425
-304.272404253850880
-304.272404253849288
-304.272404253849061
-304.272404253846616
-304.272404253846958
-304.272404253846787
-304.272404253847640
-304.272404253848322
-304.272404253849686
-304.272404253853210
-304.272404253854859
-304.272404253859804
-304.272404253862192
-304.272404253869695
-304.272404253873333
-304.272404253880666
-304.272404253883622
-304.272404253890329
-304.272404253893797
-304.272404253898628
-304.272404253901414
-304.272404253904540
-304.272404253906018
-304.272404253907382
-304.272404253908462
-304.272404253908860
-304.272404253909031
-304.272404253908519
-304.272404253908917
-304.272404253908860
-304.272404253909144
-304.272404253909826
-304.272404253910281
-304.272404253911702
-304.272404253912384
-304.272404253913862
-304.272404253915738
-304.272404253918069
-304.272404253919319
-304.272404253922218
-304.272404253923355
-304.272404253926254
-304.272404253928073
-304.272404253930915
-304.272404253931313
-304.272404253933928
-304.272404253934553
-304.272404253936031
-304.272404253936827
-304.272404253937395
-304.272404253936941
-304.272404253936884
-304.272404253937452
-304.272404253936884
-304.272404253937566
-304.272404253937282
-304.272404253937850
-304.272404253937850
-304.272404253938930
-304.272404253938760
-304.272404253939328
-304.272404253939897
-304.272404253940010
-304.272404253941545
-304.272404253942113
-304.272404253943364
-304.272404253944103
-304.272404253944728
-304.272404253945808
-304.272404253946775
-304.272404253947172
-304.272404253948025
-304.272404253949162
-304.272404253949560
-304.272404253949503
-304.272404253950867
-304.272404253950924
-304.272404253950810
-304.272404253950697
-304.272404253951379
-304.272404253951663
-304.272404253951777
-304.272404253952175
-304.272404253952004
-304.272404253952118
-304.272404253952118
-304.272404253952232
-304.272404253952288
-304.272404253953084
-304.272404253952857
-304.272404253952743
-304.272404303564826
-304.272404305004841
-304.272404305111706
-304.272404305132397
-304.272404305142800
-304.272404305622558
-304.272404338042520
-304.272404338156718
-304.272404340013622
-304.272404340035450
-304.272404339962804
-304.272404339972809
-304.272404340039259
-304.272404340050173
-304.272404340102867
-304.272404340113553
-304.272404340177047
-304.272404340193532
-304.272404340272431
-304.272404340296760
-304.272404340369235
-304.272404340396065
-304.272404340459616
-304.272404340483888
-304.272404340535331
-304.272404340554829
-304.272404340584217
-304.272404340593255
-304.272404340600247
-304.272404340601327
-304.272404340595415
-304.272404340592402
-304.272404340582796
-304.272404340579442
-304.272404340570858
-304.272404340569778
-304.272404340565799
-304.272404340565856
-304.272404340567050
-304.272404340568869
-304.272404340574894
-304.272404340578703
-304.272404340588764
-304.272404340593027
-304.272404340605362
-304.272404340611217
-304.272404340625997
-304.272404340632363
-304.272404340645608
-304.272404340652429
-304.272404340663286
-304.272404340668913
-304.272404340675450
-304.272404340678179
-304.272404340682044
-304.272404340682158
-304.272404340682613
-304.272404340682044
-304.272404340680509
-304.272404340680566
-304.272404340679600
-304.272404340679316
-304.272404340678293
-304.272404340677895
-304.272404340678520
-304.272404340679600
-304.272404340680339
-304.272404340681476
-304.272404340683693
-304.272404340685057
-304.272404340688126
-304.272404340689945
-304.272404340693356
-304.272404340695289
-304.272404340698301
-304.272404340700234
-304.272404340703361
-304.272404340704668
-304.272404340706657
-304.272404340707510
-304.272404340708590
-304.272404340709159
-304.272404340709159
-304.272404340709556
-304.272404340709897
-304.272404340710125
-304.272404340709784
-304.272404340710182
-304.272404340710466
-304.272404340710523
-304.272404340712001
-304.272404340711773
-304.272404340712285
-304.272404340713251
-304.272404340713479
-304.272404340714331
-304.272404340715809
-304.272404340716491
-304.272404340717060
-304.272404340717799
-304.272404340718310
-304.272404340719277
-304.272404340720016
-304.272404340720811
-304.272404340721152
-304.272404340721835
-304.272404340722176
-304.272404340722346
-304.272404340721891
-304.272404340721948
-304.272404340722460
-304.272404340722801
-304.272404340722858
-304.272404340723313
-304.272404340723313
-304.272404340723085
-304.272404340723142
-304.272404340723313
-304.272404340724506
-304.272404340724393
-304.272404340724904
-304.272404340725018
-304.272404340725870
-304.272404340725984
-304.272404340726723
-304.272404340726894
-304.272404340727746
-304.272404340727576
-304.272404340728542
-304.272404340728315
-304.272404340727917
-304.272404340728770
-304.272404340729111
-304.272404340728770
-304.272404340728599
-304.272404340729224
-304.272404340728656
-304.272404340728826
-304.272404340729508
-304.272404340729679
-304.272404365389548
-304.272404366117655
-304.272404366164608
-304.272404366179330
-304.272404366197236
-304.272404366437456
-304.272404382865659
-304.272404382920968
-304.272404383826654
-304.272404383835465
-304.272404383800676
-304.272404383804940
-304.272404383833759
-304.272404383838705
-304.272404383862693
-304.272404383868547
-304.272404383902938
-304.272404383911521
-304.272404383950231
-304.272404383962453
-304.272404383996786
-304.272404384009690
-304.272404384039703
-304.272404384052550
-304.272404384076481
-304.272404384085462
-304.272404384099275
-304.272404384103083
-304.272404384105471
-304.272404384105528
-304.272404384102401
-304.272404384100525
-304.272404384094500
-304.272404384092795
-304.272404384087963
-304.272404384086997
-304.272404384085178
-304.272404384084837
-304.272404384085746
-304.272404384087054
-304.272404384089668
-304.272404384091374
-304.272404384097001
-304.272404384098706
-304.272404384104902
-304.272404384108086
-304.272404384114509
-304.272404384118431
-304.272404384125480
-304.272404384129118
-304.272404384135143
-304.272404384137644
-304.272404384141225
-304.272404384142646
-304.272404384144750
-304.272404384145545
-304.272404384145773
-304.272404384145489
-304.272404384145432
-304.272404384144579
-304.272404384144465
-304.272404384143442
-304.272404384142931
-304.272404384143613
-304.272404384142192
-304.272404384143272
-304.272404384143442
-304.272404384143897
-304.272404384144920
-304.272404384145545
-304.272404384146796
-304.272404384146967
-304.272404384148331
-304.272404384150036
-304.272404384151287
-304.272404384151912
-304.272404384153504
-304.272404384154981
-304.272404384155664
-304.272404384156516
-304.272404384157824
-304.272404384157767
-304.272404384157994
-304.272404384158790
-304.272404384159074
-304.272404384159188
-304.272404384158904
-304.272404384158904
-304.272404384159017
-304.272404384159756
-304.272404384159870
-304.272404384159358
-304.272404384159927
-304.272404384159927
-304.272404384160780
-304.272404384160438
-304.272404384161234
-304.272404384161007
-304.272404384161121
-304.272404384162201
-304.272404384162655
-304.272404384162485
-304.272404384163167
-304.272404384163281
-304.272404384162826
-304.272404384163679
-304.272404384163508
-304.272404384163679
-304.272404384163906
-304.272404384164304
-304.272404384164247
-304.272404384164133
-304.272404384164588
-304.272404384164815
-304.272404384164815
-304.272404384164929
-304.272404396419745
-304.272404396787124
-304.272404396809350
-304.272404396818501
-304.272404396941909
-304.272404405442387
-304.272404405471207
-304.272404405946986
-304.272404405951420
-304.272404405931923
-304.272404405934253
-304.272404405947213
-304.272404405948805
-304.272404405961879
-304.272404405964153
-304.272404405985640
-304.272404405990642
-304.272404406010935
-304.272404406017529
-304.272404406036173
-304.272404406042767
-304.272404406058627
-304.272404406065050
-304.272404406077158
-304.272404406082103
-304.272404406088356
-304.272404406089947
-304.272404406090288
-304.272404406090004
-304.272404406085911
-304.272404406085343
-304.272404406081591
-304.272404406080341
-304.272404406077897
-304.272404406078124
-304.272404406076532
-304.272404406076760
-304.272404406076930
-304.272404406077783
-304.272404406079147
-304.272404406080170
-304.272404406082899
-304.272404406084945
-304.272404406088356
-304.272404406090118
-304.272404406094665
-304.272404406096427
-304.272404406101145
-304.272404406102396
-304.272404406106546
-304.272404406108194
-304.272404406110411
-304.272404406110695
-304.272404406111662
-304.272404406112059
-304.272404406111775
-304.272404406111150
-304.272404406111093
-304.272404406110468
-304.272404406109274
-304.272404406109274
-304.272404406108592
-304.272404406108421
-304.272404406108137
-304.272404406109160
-304.272404406108762
-304.272404406109558
-304.272404406109956
-304.272404406109899
-304.272404406110979
-304.272404406111150
-304.272404406112173
-304.272404406112855
-304.272404406115015
-304.272404406114731
-304.272404406116607
-304.272404406116721
-304.272404406117289
-304.272404406118028
-304.272404406118312
-304.272404406118710
-304.272404406118312
-304.272404406118710
-304.272404406118710
-304.272404406118994
-304.272404406118426
-304.272404406118369
-304.272404406118369
-304.272404406118369
-304.272404406118312
-304.272404406118255
-304.272404406118767
-304.272404406118255
-304.272404406118369
-304.272404406118312
-304.272404412578908
-304.272404412776666
-304.272404412790650
-304.272404412791559
-304.272404412855963
-304.272404417332268
-304.272404417346252
-304.272404417570385
-304.272404417572147
-304.272404417566634
-304.272404417567657
-304.272404417571806
-304.272404417572716
-304.272404417579139
-304.272404417581072
-304.272404417591304
-304.272404417593407
-304.272404417602843
-304.272404417606481
-304.272404417614325
-304.272404417617508
-304.272404417624898
-304.272404417628479
-304.272404417633538
-304.272404417635471
-304.272404417638484
-304.272404417638768
-304.272404417638995
-304.272404417638086
-304.272404417637290
-304.272404417636892
-304.272404417635698
-304.272404417634561
-304.272404417633538
-304.272404417633140
-304.272404417633027
-304.272404417632742
-304.272404417633140
-304.272404417633879
-304.272404417634277
-304.272404417635357
-304.272404417636665
-304.272404417637063
-304.272404417639109
-304.272404417639109
-304.272404417641610
-304.272404417642974
-304.272404417644680
-304.272404417645873
-304.272404417646783
-304.272404417647692
-304.272404417648829
-304.272404417649625
-304.272404417649739
-304.272404417649796
-304.272404417649625
-304.272404417649398
-304.272404417649170
-304.272404417649057
-304.272404417648659
-304.272404417649000
-304.272404417648659
-304.272404417648147
-304.272404417648545
-304.272404417648431
-304.272404417648318
-304.272404417648374
-304.272404417649000
-304.272404417649000
-304.272404417649568
-304.272404417649511
-304.272404417649682
-304.272404417649568
-304.272404421179033
-304.272404421291071
-304.272404421296187
-304.272404421328986
-304.272404423550881
-304.272404423559863
-304.272404423718058
-304.272404423719365
-304.272404423714420
-304.272404423714931
-304.272404423714306
-304.272404423715329
-304.272404423719536
-304.272404423720161
-304.272404423727153
-304.272404423729142
-304.272404423734656
-304.272404423736418
-304.272404423742387
-304.272404423743808
-304.272404423750174
-304.272404423752050
-304.272404423756086
-304.272404423757621
-304.272404423760349
-304.272404423760690
-304.272404423760634
-304.272404423761259
-304.272404423760293
-304.272404423760179
-304.272404423758417
-304.272404423757564
-304.272404423757791
-304.272404423757393
-304.272404423756598
-304.272404423756200
-304.272404423756655
-304.272404423756541
-304.272404423756882
-304.272404423757791
-304.272404423758474
-304.272404423758985
-304.272404423759838
-304.272404423760236
-304.272404423762168
-304.272404423762623
-304.272404423763703
-304.272404423764726
-304.272404423765579
-304.272404423766147
-304.272404423767284
-304.272404423767682
-304.272404423767853
-304.272404423768421
-304.272404423768251
-304.272404423767910
-304.272404423767625
-304.272404423768307
-304.272404423767341
-304.272404423767853
-304.272404423767455
-304.272404423767739
-304.272404423766943
-304.272404423767398
-304.272404423767341
-304.272404423767227
-304.272404425625382
-304.272404425684897
-304.272404425691605
-304.272404425707975
-304.272404426864171
-304.272404426868832
-304.272404426942614
-304.272404426943069
-304.272404426941080
-304.272404426941193
-304.272404426941534
-304.272404426941534
-304.272404428121604
-304.272404428163441
-304.272404428163043
-304.272404428171114
-304.272404428670882
-304.272404428690379
-304.272404428748757
-304.272404428749326
-304.272404428755408
-304.272404428757056
-304.272404428760069
-304.272404428761092
-304.272404428762457
-304.272404428764901
-304.272404428766094
-304.272404428767231
-304.272404428767913
-304.272404428769505
-304.272404428770187
-304.272404428771097
-304.272404428771210
-304.272404428771210
-304.272404429159337
-304.272404429173093
-304.272404429181051
-304.272404429185713
-304.272404429453957
-304.272404429469134
-304.272404429493520
-304.272404429498579
-304.272404429501648
-304.272404429510630
-304.272404429510232
-304.272404429511084
-304.272404429512562
-304.272404429513699
-304.272404429514665
-304.272404429514381
-304.272404429515063
-304.272404429515291
-304.272404429515234
-304.272404429515632
-304.272404429516371
-304.272404429516939
-304.272404429516769
-304.272404429517735
-304.272404429517621
-304.272404429517337
-304.272404429517223
-304.272404429754374
-304.272404429768017
-304.272404429770347
-304.272404429930077
-304.272404429933488
-304.272404429941275
-304.272404429941616
-304.272404429941275
-304.272404429941503
-304.272404429941162
-304.272404429941048
-304.272404429941787
-304.272404429942014
-304.272404429942242
-304.272404429942867
-304.272404429942981
-304.272404429942696
-304.272404429942526
-304.272404429942753
-304.272404429942867
-304.272404430058486
-304.272404430062124
-304.272404430064057
-304.272404430159099
-304.272404430159213
-304.272404430223844
-304.272404430231006
-304.272404430231859
-304.272404430243625
-304.272404430244706
-304.272404430265567
-304.272404430270740
-304.272404430283132
-304.272404430285405
-304.272404430286372
-304.272404430286429
-304.272404430285690
-304.272404430285462
-304.272404430284951
-304.272404430284837
-304.272404430350207
-304.272404430350548
-304.272404430350889
-304.272404430368795
