0.000000000000000
9.3037712632287935E-003
6.7350417836294458E-003
8.2079931654507696E-003
1.3113946644217604E-002
4.0833112031510493E-002
8.9952541363541375E-002
5.3515864069227731E-002
3.1398729746228919E-002
2.5009339272674840E-002
7.0282344166949420E-003
6.9507148709997474E-003
7.0295349396760406E-003
1.4439441801202175E-003
1.8428154166515514E-003
3.0592175493888403E-003
1.1469957813271909E-003
4.1779773445056029E-004
9.6385125470903365E-004
9.4019019657333143E-004
3.7045206637677496E-004
2.0464153260907268E-004
1.1445395730442761E-003
6.2686228349647679E-004
3.4331871189262445E-004
6.9008984464295059E-004
4.7832114707810683E-004
2.0502409648003424E-004
5.0982184435816058E-004
2.4474993975482013E-004
1.2485192116482751E-004
7.9280609546275230E-005
2.4563940352994706E-004
1.7983057391427027E-004
4.1947913950800302E-004
1.9759558032383907E-004
1.3255761466289477E-004
4.1769502937292147E-005
1.6206062060453733E-004
9.7057544434825675E-005
3.8630131305670846E-005
1.4418454017902111E-005
9.2890113031827943E-005
3.3876988009716893E-005
4.1351747841614052E-005
6.0029123570375602E-005
7.5545364283234243E-005
3.4417910062923511E-005
5.5127064016188708E-005
3.2041985843170756E-005
1.6699659985239020E-005
1.4928757183092495E-005
4.3569104818215233E-005
5.8987693032176476E-005
7.0193436663207800E-005
7.1651080660691353E-006
3.8720835755583116E-005
2.5894569821418027E-005
1.3214198294211835E-005
8.3309088803114745E-006
3.5235258967123859E-005
2.0900661175097829E-005
4.5518251606787936E-006
2.6229706558907399E-006
9.0252322275296113E-006
8.3659988519412173E-006
1.1358038069547757E-005
7.3751992889215683E-007
8.2228158604350647E-006
6.8373950917671239E-006
5.3225094221246383E-006
3.4517043814427505E-006
1.3253600750927997E-005
9.3013643669538312E-006
4.8161075537548479E-006
8.3666752005318644E-006
7.4886316828063425E-006
1.1229403706810552E-005
4.4913426760250992E-006
4.7239013639110963E-006
6.6664993291125961E-006
9.2547416708212428E-006
2.2580243769407958E-006
3.2610095025953580E-006
3.0079892553156120E-006
1.1156029113614932E-005
1.5354373185829361E-006
1.5422531291615037E-006
2.7738351938127850E-006
1.5805080338965155E-006
8.5362539528849939E-007
2.5586355401446814E-006
2.4335436590052886E-006
2.3507634148559269E-006
3.1572190348704394E-007
9.9909654743943155E-007
1.7907360266876030E-006
1.8174944002181815E-006
6.8586743520588798E-007
8.0050585791700292E-007
1.8053641802716771E-006
9.4976273723763417E-007
3.6598396142237316E-007
1.6593919157731638E-006
1.3011935045083880E-006
6.8844365299580412E-007
3.4620361515816953E-007
1.1217428573921669E-006
7.0739000552953710E-007
2.4049417508527426E-007
2.8725255550512650E-007
1.6837292235404490E-006
7.2918656444426678E-007
3.2108718749371866E-007
1.8725973674612680E-007
2.8875291826296025E-007
2.4744841922507978E-007
2.2937790956918220E-007
2.6753288819831970E-007
1.1245191664933633E-006
3.7555945355118523E-007
2.3100147505789531E-007
2.5777425262711548E-007
4.0872028037065673E-007
1.6353105828856071E-007
1.4272530912174371E-007
2.1740341926357642E-007
3.1830585963174344E-007
1.2355895089347138E-007
1.7098807111172173E-007
1.7032161676272243E-007
3.4482051518056244E-007
5.2222313848674451E-008
2.0276536230493945E-007
2.6709639531667878E-007
1.6485687323496368E-007
6.6100479680923718E-008
1.6764268202557886E-007
1.2790545190145603E-007
1.2601004821595657E-007
3.2979627113687073E-008
1.2062695667931077E-007
7.0744552827096775E-008
4.6803176859716546E-008
2.6990831466522393E-008
1.4177617913264732E-007
6.1776635053461461E-008
7.0520350062043216E-008
5.4729589272946778E-008
6.2313069023842028E-008
2.6141797804901037E-008
7.4089336702789652E-008
8.5967677984816685E-008
5.2326749394806774E-008
2.9870751359457562E-008
5.0597745643245141E-008
5.9176750198536192E-008
7.1796851541020530E-008
3.1304380971517332E-008
4.9161525901190789E-008
2.5649158336264028E-008
2.5807532040760600E-008
7.0608788002164084E-009
