0.000000000000000
0.000000000000000
0.000000000000000
0.000000000000000
0.000000000000000
0.000000000000000
0.000000000000000
0.000000000000000
0.000000000000000
0.000000000000000
0.000000000000000
0.000000000000000
9.4317088870128109E-003
0.1199236891449616
2.6800944387899362E-002
5.8531287261595899E-002
3.5456029847753083E-002
2.8568002751878895E-002
1.4976211778051416E-002
1.2357688247834613E-002
1.0361558721576184E-002
9.7354580542837518E-003
7.8533414399527338E-003
6.1990130743770121E-003
4.3359246786089604E-003
3.3393550311258740E-003
3.0597760719959376E-003
3.4890041655984342E-003
3.9210983965602339E-003
4.2522835990918880E-003
4.1636716983116826E-003
3.9243248614188328E-003
3.4774857746004834E-003
3.1260663050862066E-003
2.7729982316124372E-003
2.5667072712526494E-003
2.3557062104805292E-003
2.2148690353658053E-003
2.0150314270530479E-003
1.8249541983091726E-003
1.5808379744209288E-003
1.3581033620930260E-003
1.1318760191596339E-003
9.5106473958217203E-004
7.9751029442157195E-004
6.9965127432887735E-004
6.4310745113391210E-004
6.3724539638109813E-004
6.5715742140445789E-004
7.0190325502004223E-004
7.4855522519864731E-004
8.0172653432975980E-004
8.4169313695545448E-004
8.7737990984751099E-004
8.9058351268274773E-004
8.9391613250454968E-004
8.7035436050616241E-004
8.3357568040113401E-004
7.6834258292047663E-004
6.9035229403741592E-004
5.9384665003082938E-004
5.0410639366750489E-004
4.3418389050113771E-004
4.1456631302479012E-004
4.4117475240818368E-004
5.0001677781486313E-004
5.6190979992655021E-004
6.2070299784262482E-004
6.6153494437851590E-004
6.9117784499409722E-004
6.9952083105430081E-004
6.9782814733335195E-004
6.7803299212626663E-004
6.5325552611106166E-004
6.1744515422241532E-004
5.8349101790512725E-004
5.4611766967182834E-004
5.1560647780767054E-004
4.8579683261368647E-004
4.6357052497658782E-004
4.4199616601531662E-004
4.2615510796846311E-004
4.0983822631684497E-004
3.9806809875461507E-004
3.8597441977841415E-004
3.7879645809587941E-004
3.7232724705141723E-004
3.7131500473302993E-004
3.7105700242604661E-004
3.7531805665221387E-004
3.7861387345195007E-004
3.8446759626880369E-004
3.8739067247051237E-004
3.9157281075549570E-004
3.9189335942496091E-004
3.9308008369220190E-004
3.9004097808622283E-004
3.8738541691031244E-004
3.7984498943382643E-004
3.7166129023352256E-004
3.5797272454257830E-004
3.4322475933646956E-004
3.2417897797818921E-004
3.0616429669731889E-004
2.8772974772908348E-004
2.7381478517378953E-004
2.6222585810312251E-004
2.5512546168737608E-004
2.4845530229190680E-004
2.4322286411038513E-004
2.3597979210199582E-004
2.2887975892904556E-004
2.1974093261473176E-004
2.1147046949807240E-004
2.0225027112200433E-004
1.9488727648126915E-004
1.8738147267270775E-004
1.8212892004836070E-004
1.7686886633891830E-004
1.7357822658939284E-004
1.6981556994400228E-004
1.6721321345452870E-004
1.6331157811646968E-004
1.5957133842503917E-004
1.5382934786951634E-004
1.4768235521828857E-004
1.3963978171507776E-004
1.3163434929793657E-004
1.2286060889268923E-004
1.1527307292774908E-004
1.0815928051556093E-004
1.0287861900740127E-004
9.8287436555643092E-005
9.5126156282815191E-005
9.2041815518691120E-005
8.9674120352464128E-005
8.6816805380452233E-005
8.4247849372653247E-005
8.0950386706344575E-005
7.7795958291739997E-005
7.3924754422929204E-005
7.0248930766837636E-005
6.6088989013105795E-005
6.2382348559193254E-005
5.8639453290024140E-005
5.5761350967544662E-005
5.3328461473994558E-005
5.2037606811639812E-005
5.1319632307758901E-005
5.1568156283877412E-005
5.2034535130999914E-005
5.2981883717399734E-005
5.3652802313598168E-005
5.4374002868805574E-005
5.4474497921215354E-005
5.4387886286444550E-005
5.3537573476677867E-005
5.2439030260747715E-005
5.0606031984584526E-005
4.8601351983981964E-005
4.6024692454864057E-005
4.3447340623970239E-005
4.0539231012104742E-005
3.7838086022228931E-005
3.5058171239150777E-005
3.2669785765544728E-005
3.0406290804956450E-005
2.8655621114405414E-005
2.7152155385421879E-005
2.6205822489993238E-005
2.5540870192853714E-005
2.5407629826799509E-005
2.5514850493893235E-005
2.6077578190946460E-005
2.6784436094353733E-005
2.7833150601346399E-005
2.8883849899922305E-005
3.0126479244626293E-005
3.1190262329985769E-005
3.2271024789759516E-005
3.2984564414846933E-005
3.3556964038644020E-005
3.3624319396372139E-005
3.3464324696790888E-005
3.2760689081306153E-005
3.1840013219231496E-005
3.0436695044122440E-005
2.8896816452704580E-005
2.6990740318772368E-005
2.5047629583375057E-005
2.2862380814176212E-005
2.0726381151561381E-005
1.8467168343800615E-005
1.6346567802532259E-005
1.4262090641243482E-005
1.2494836666681164E-005
1.1076791388784137E-005
1.0342116020570186E-005
1.0330019472932076E-005
1.1108929112151261E-005
1.2367598291356467E-005
1.3956808092297531E-005
1.5540140670549916E-005
1.7088617605247654E-005
1.8344136228000417E-005
1.9391418777440491E-005
2.0017688110599823E-005
2.0383858968138030E-005
2.0307776674475395E-005
1.9994270845848820E-005
1.9283948976089220E-005
1.8396497711279845E-005
1.7193784261256031E-005
1.5891723078149288E-005
1.4381709508456763E-005
1.2871762726902361E-005
1.1300054028259738E-005
9.8768547944142520E-006
8.6061861840270633E-006
7.7039912800545353E-006
7.1903434124205789E-006
7.1603994861882210E-006
7.4610913490909149E-006
8.0177072589495428E-006
8.6247263549992501E-006
9.2616513896337165E-006
9.7876145465417014E-006
1.0257912494548733E-005
1.0564993222689408E-005
1.0801710335743289E-005
1.0870642455204049E-005
1.0880159432281954E-005
1.0738233910638220E-005
1.0559308514984683E-005
1.0259997382566651E-005
9.9564514640115192E-006
9.5760831075717442E-006
9.2307065313184984E-006
8.8534560498102964E-006
8.5420562813508758E-006
8.2255492044770452E-006
7.9813152377753895E-006
7.7306215496826233E-006
7.5357190196050417E-006
7.3164415430278940E-006
7.1309215093203341E-006
6.9050284371532677E-006
6.6990250933179313E-006
6.4476406510350622E-006
6.2137446755634301E-006
5.9413703783914193E-006
5.6947805161706951E-006
5.4276408516522446E-006
5.2041743111334642E-006
4.9861304808058672E-006
4.8337455246749408E-006
4.7097772705747349E-006
4.6628948425996405E-006
4.6470702835474999E-006
4.6962927406721788E-006
4.7546853491200031E-006
4.8498348819211707E-006
4.9237006457222477E-006
5.0073824166723649E-006
5.0462091630913842E-006
5.0779680403404120E-006
5.0524074625864918E-006
5.0125651183829393E-006
4.9124801087827993E-006
4.7981440243482164E-006
4.6284562547896648E-006
4.4506225788300675E-006
4.2293780427659459E-006
4.0116178401519706E-006
3.7680427592824461E-006
3.5431571410405268E-006
3.3120252253967944E-006
3.1140767893029997E-006
2.9258048132757698E-006
2.7794240075656532E-006
2.6503376257315593E-006
2.5637039761053740E-006
2.4935253007838322E-006
2.4607401960747775E-006
2.4393715543467179E-006
2.4493933780264466E-006
2.4656773677761288E-006
2.5086598710637837E-006
2.5533028467839080E-006
2.6201925183961121E-006
2.6829025036073993E-006
2.7614474239086653E-006
2.8271208716500461E-006
2.8994161031848152E-006
2.9479145696468316E-006
2.9927872224388101E-006
3.0038389819877169E-006
3.0035547434241202E-006
2.9641481439424537E-006
2.9111861480483464E-006
2.8204482544198273E-006
2.7197437621173841E-006
2.5882313180460608E-006
2.4540285086754425E-006
2.2989331122573735E-006
2.1495934535356514E-006
1.9901970141242114E-006
1.8453032722707627E-006
1.7021800156196110E-006
1.5839350906974025E-006
1.4816513669413379E-006
1.4170007935325535E-006
1.3820626571183576E-006
1.3926393996542236E-006
1.4341151879748308E-006
1.5127813525045405E-006
1.6062314757448758E-006
1.7173938674724737E-006
1.8218145624142298E-006
1.9253215040968858E-006
2.0046320351500893E-006
2.0704858115150839E-006
2.1020675132822301E-006
2.1150558008299530E-006
2.0916722402751484E-006
2.0513140199669583E-006
1.9790061095486436E-006
1.8958048644609636E-006
1.7888276042167090E-006
1.6787227416401601E-006
1.5541666557767984E-006
1.4340888078530968E-006
1.3087878545946034E-006
1.1952179083721037E-006
1.0858969466836752E-006
9.9628271979709145E-007
9.2127157463556967E-007
8.7433289872692860E-007
8.4982531053392130E-007
8.5573401426049858E-007
8.8111701940043147E-007
9.2810989811435640E-007
9.8221821464434167E-007
1.0452074587212495E-006
1.1027279251521159E-006
1.1590256603714934E-006
1.2007639141564734E-006
1.2348797650799135E-006
1.2492780464527103E-006
1.2533066997556637E-006
1.2364710532512455E-006
1.2100071256310247E-006
1.1651664096466132E-006
1.1141726435516929E-006
1.0497737066944927E-006
9.8407360136601128E-007
9.1086940628035871E-007
8.4122343926362862E-007
7.6965987169825990E-007
7.0576145680498001E-007
6.4471375763186104E-007
5.9463707062258806E-007
5.5131592941391101E-007
5.2142414576346364E-007
5.0069450471722663E-007
4.9389092733008690E-007
4.9556321895106389E-007
5.0850160746388171E-007
5.2598813924606369E-007
5.5007552982191418E-007
5.7362961666166759E-007
5.9914408673700003E-007
6.1962237988110425E-007
6.3848338040471993E-007
6.4919534464330375E-007
6.5626212342585598E-007
6.5390104074611147E-007
6.4762293777407486E-007
6.3248897133773776E-007
6.1464387969606652E-007
5.8982686194951385E-007
5.6426669093617916E-007
5.3410209493356930E-007
5.0515933168558287E-007
4.7378570737331003E-007
4.4514925376131621E-007
4.1578250376441601E-007
3.9018038658291726E-007
3.6515548529435883E-007
3.4465541196768585E-007
3.2585468678464455E-007
3.1226239367099797E-007
3.0130642746470906E-007
2.9598401544096804E-007
2.9359362032442143E-007
2.9644172673699028E-007
3.0134993458030651E-007
3.1005557041333607E-007
3.1898288858406782E-007
3.2977496540625090E-007
3.3878589962263320E-007
3.4799054951698493E-007
3.5391998037336626E-007
3.5905271129561669E-007
3.6018869158410282E-007
3.6025981198148214E-007
3.5631157366577259E-007
3.5154722201750804E-007
3.4318507707501935E-007
3.3448474318297946E-007
3.2278226502427728E-007
3.1122255086369482E-007
2.9726462491600361E-007
2.8385048148042464E-007
2.6863642180644058E-007
2.5436233855024522E-007
2.3900602678618708E-007
2.2517353700356018E-007
2.1128190277905814E-007
1.9985923675138384E-007
1.8971851798806955E-007
1.8315666140895899E-007
1.7894892042489907E-007
1.7871445696479558E-007
1.8061757470993804E-007
1.8551001167802281E-007
1.9105103566313344E-007
1.9794474560550859E-007
2.0385598417059624E-007
2.0985429592131112E-007
2.1382982982853329E-007
2.1729590758550620E-007
2.1833639028239281E-007
2.1877383572868578E-007
2.1679580986600355E-007
2.1436124412382156E-007
2.0970353313493448E-007
2.0477932252226473E-007
1.9786843928131090E-007
1.9084580107175992E-007
1.8209424666748781E-007
1.7338842997616543E-007
1.6330992737871568E-007
1.5356177408473658E-007
1.4303038155813932E-007
1.3339093999003723E-007
1.2388748101103268E-007
1.1614618497231864E-007
1.0962639272001386E-007
1.0566663332350726E-007
1.0349615367685413E-007
1.0382988090645499E-007
1.0539928188968945E-007
1.0850913039607571E-007
1.1173228786879029E-007
1.1548948484826607E-007
1.1849428672316853E-007
1.2146588103172591E-007
1.2326354740786194E-007
1.2483752426566960E-007
1.2511490275888644E-007
1.2516542952386022E-007
1.2393287856093069E-007
1.2252047258735531E-007
1.1988098822545150E-007
1.1710002057540431E-007
1.1316726029626044E-007
1.0912949052656548E-007
1.0406204102986426E-007
9.8973337399103079E-008
9.3077783529202656E-008
8.7355578292428195E-008
8.1200359655242723E-008
7.5567712686468382E-008
7.0031832553219943E-008
6.5492068223229799E-008
6.1615857518702805E-008
5.9131707234417909E-008
5.7599139040887412E-008
5.7443432881708669E-008
5.7999693255151531E-008
5.9491927553369828E-008
6.1168868142814130E-008
6.3290493751534980E-008
6.5150352239926044E-008
6.7136725574705326E-008
6.8593145904786480E-008
7.0014074677041638E-008
7.0762742986593828E-008
7.1395673306467152E-008
7.1281038861272491E-008
7.1004586588041347E-008
6.9947026550361549E-008
6.8704965610847138E-008
6.6695142006744065E-008
6.4517056417728723E-008
6.1653400143300450E-008
5.8702399004705675E-008
5.5237164077737997E-008
5.1849281113891829E-008
4.8211178788669496E-008
4.4894916861287445E-008
4.1658557813532407E-008
3.9024964977236028E-008
3.6784076793695188E-008
3.5351416875642018E-008
3.4452787944490063E-008
3.4346172588321686E-008
3.4648163735041655E-008
3.5517900066500618E-008
3.6525790574948102E-008
3.7844663531039101E-008
3.9054981788124365E-008
4.0388489897996952E-008
4.1438032449027796E-008
4.2487250033434365E-008
4.3130647518524342E-008
4.3686206108063257E-008
4.3752490300172433E-008
4.3669532710882919E-008
4.3054540712248720E-008
4.2264948533503217E-008
4.0956348829889455E-008
3.9500493188968919E-008
3.7608299056229039E-008
3.5658626722612458E-008
3.3424139246573974E-008
3.1278357953733445E-008
2.9048504324552924E-008
2.7085486319443365E-008
2.5248789640609468E-008
2.3841764886537297E-008
2.2715510609744567E-008
2.2092452153484913E-008
2.1770166368314958E-008
2.1888314016591583E-008
2.2191788919802189E-008
2.2790307192141532E-008
2.3415296138026110E-008
2.4196675487313973E-008
2.4871078677681216E-008
2.5600984798775045E-008
2.6126198986297928E-008
2.6635319552042168E-008
2.6870266228877015E-008
2.7037279253499109E-008
2.6885664925731108E-008
2.6635320915514379E-008
2.6053030552668085E-008
2.5370017458889304E-008
2.4380800673065626E-008
2.3325136270308194E-008
2.2032504574751321E-008
2.0744177752437893E-008
1.9327118384496934E-008
1.8014790475294938E-008
1.6705534638145776E-008
1.5613622913702836E-008
1.4651162955640333E-008
1.3992396014148416E-008
1.3531120451850815E-008
1.3381218317209889E-008
1.3394414302715762E-008
1.3641122299302968E-008
1.3949069843987619E-008
1.4387708683012661E-008
1.4787224366511101E-008
1.5238783942739467E-008
1.5579835942257336E-008
1.5923578574989889E-008
1.6112514988089305E-008
1.6274401761803618E-008
1.6256459020344889E-008
1.6195305341516801E-008
1.5944956955531215E-008
1.5647369767425869E-008
1.5167676475514053E-008
1.4650192792296496E-008
1.3975849468210545E-008
1.3288870226990125E-008
1.2489481717049259E-008
1.1719140026913386E-008
1.0898705115829624E-008
1.0163511394173056E-008
9.4529975245377301E-009
8.8895694520628509E-009
8.4189086323215032E-009
8.1374627293000250E-009
7.9743529179131082E-009
7.9743529179131082E-009
7.9743529179131082E-009
7.9743529179131082E-009
7.9743529179131082E-009
7.9743529179131082E-009
7.9743529179131082E-009
7.9743529179131082E-009
7.9743529179131082E-009
7.9743529179131082E-009
7.9743529179131082E-009
1.0292929331881900E-002
9.3298268818451098E-006
6.6699789235037546E-004
3.6682576800307751E-005
2.2978271245906480E-004
2.3761358857683093E-005
1.3221008588696850E-004
1.1718105302339765E-005
7.1923931108483168E-006
4.1790674858731531E-005
1.0073601614378410E-005
3.7313526609218261E-005
1.7098217576540919E-005
5.0766352058128033E-005
2.3762869530463735E-005
5.8765782509146446E-005
2.3447194673912008E-005
5.7961656717658291E-005
1.9999467732570871E-005
5.3158977593604532E-005
1.6403957976746394E-005
4.5607830500134042E-005
1.3118949336379868E-005
3.6388335245642456E-005
1.0318018420203902E-005
2.7459997960953156E-005
8.5703390666537205E-006
2.2351628765839999E-005
9.3316554832115485E-006
2.4694897798797888E-005
1.2231019526026145E-005
3.0547892512668593E-005
1.4490356606217507E-005
3.4223109952746968E-005
1.4609473923180929E-005
3.4500859873909792E-005
1.3213972393320546E-005
3.2831221213365555E-005
1.1572941618777683E-005
3.0572936384447430E-005
1.0378433652456595E-005
2.8104627655045929E-005
9.6348693986165460E-006
2.5164130794486280E-005
8.9452726062883119E-006
2.1441663739900824E-005
7.9645752690209420E-006
1.7436902484655086E-005
7.0700628367604075E-006
1.5060884900726376E-005
7.1634000944788637E-006
1.5591984869774086E-005
7.9393482384487600E-006
1.7327286014099681E-005
8.3910817187218957E-006
1.8474400016426148E-005
8.2419339890327270E-006
1.8621368816359391E-005
7.7073913967360316E-006
1.7899574584769466E-005
6.9916290228502107E-006
1.6416537216398170E-005
6.1366940600576771E-006
1.4222486057940528E-005
5.1189641872708060E-006
1.1499499664340986E-005
4.0118439556968317E-006
8.7379404173741203E-006
3.0934098364226593E-006
6.7921580735955707E-006
2.7593692778151481E-006
6.4251195668655683E-006
3.0345457947219374E-006
7.2188707785583786E-006
3.5102807539885684E-006
8.1444995587711998E-006
3.8699583198262725E-006
8.5880354867925695E-006
3.9459506302593952E-006
8.2895469391821969E-006
3.6473461544816773E-006
7.2217902100842670E-006
2.9912037332128239E-006
5.6039441115713155E-006
2.1550398498612916E-006
3.9095288403207570E-006
1.4735803931249362E-006
2.8277584577176116E-006
1.2774805124455650E-006
2.8064943843768557E-006
1.4231818480369806E-006
3.2935047918748533E-006
1.5762452007274727E-006
3.7083414397233232E-006
1.6474011429733885E-006
3.8956915567469570E-006
1.6536542063246307E-006
3.8478875639158407E-006
1.6084513125184961E-006
3.5801367987762232E-006
1.5036157090041174E-006
3.1332098902088927E-006
1.3485370448660294E-006
2.6481464293514347E-006
1.2373124326087302E-006
2.4119131170762082E-006
1.3006304267679509E-006
2.5769636888201363E-006
1.4764506510539979E-006
2.8806420221486346E-006
1.5822682783014607E-006
3.0334758010102674E-006
1.5408000026031209E-006
2.9601064078883960E-006
1.3860984424190890E-006
2.7148429784587629E-006
1.1863349188191823E-006
2.3812751027243805E-006
9.9659265157871984E-007
2.0404930515377377E-006
8.5768949460446989E-007
1.7904965132377134E-006
8.1414644468019285E-007
1.7482597154957378E-006
8.9506097638220436E-007
1.9429420332297123E-006
1.0618017584311107E-006
2.2482275850750958E-006
1.2308076630365184E-006
2.5035401831069519E-006
1.3330687821466617E-006
2.6098057335385270E-006
1.3378537808945851E-006
2.5360900704972117E-006
1.2467681252806423E-006
2.2947624169123045E-006
1.0774844120518630E-006
1.9205620972845238E-006
8.5586882944500489E-007
1.4723409162661168E-006
6.2798126001432138E-007
1.0677591503310220E-006
4.9101658545364275E-007
9.2168321138604456E-007
5.3636137521031577E-007
1.1062579070087090E-006
6.7504405776136333E-007
1.3911717949915360E-006
7.9457024319104027E-007
1.6182677796189953E-006
8.6033830632452297E-007
1.7449901914924515E-006
8.7585509320367489E-007
1.7722772537885713E-006
8.5315268249700444E-007
1.7097178327182945E-006
7.9913949614384675E-007
1.5639599332509354E-006
7.1339094183951403E-007
1.3413515389947387E-006
5.9468141145439200E-007
1.0596883379789915E-006
4.5358549509196707E-007
7.6659452740060576E-007
3.3025943642158758E-007
5.6704089341731803E-007
2.9978933047632958E-007
5.8051782109088986E-007
3.6776895832195918E-007
7.2825021256789112E-007
4.5117720287659409E-007
8.6880064693490908E-007
5.0417322458406971E-007
9.4849695284034505E-007
5.1757704332115209E-007
9.6106100040682334E-007
4.9739802414115860E-007
9.1908439298178005E-007
4.5540560221160657E-007
8.4300061458434148E-007
4.0474600551472385E-007
7.5529500108313974E-007
3.5712670267671646E-007
6.7550318297595987E-007
3.2034693240959932E-007
6.1524198641946395E-007
2.9665715944269809E-007
5.7538810748685959E-007
2.8322119097516711E-007
5.4814151097607567E-007
2.7457760462877241E-007
5.2290101737980226E-007
2.6537903739267655E-007
4.9205361069893748E-007
2.5265916529840900E-007
4.5504405036808770E-007
2.3787393589462093E-007
4.2021211717264017E-007
2.2707270462421812E-007
4.0074296339875296E-007
2.2579075475546053E-007
4.0257977510068022E-007
2.3206485280214211E-007
4.1727200715477664E-007
2.3827475482313583E-007
4.3117653777219432E-007
2.3885907323028717E-007
4.3634542991699697E-007
2.3331453330940816E-007
4.3210456576639901E-007
2.2437289215978313E-007
4.2190859091925142E-007
2.1546259125541241E-007
4.1036669753313071E-007
2.0921923951077491E-007
4.0137571809330797E-007
2.0685503293560638E-007
3.9675636029234425E-007
2.0786068629372234E-007
3.9530427994493546E-007
2.1004844433203432E-007
3.9300514699558084E-007
2.1023108447504325E-007
3.8472089120554633E-007
2.0541466323815476E-007
3.6648081147570198E-007
1.9399861164892058E-007
3.3739223228502640E-007
1.7670414994872548E-007
3.0101159473231597E-007
1.5728093224392212E-007
2.6620652283108632E-007
1.4245458916991720E-007
2.4562375731652914E-007
1.3877115898221163E-007
2.4761941754500603E-007
1.4634209271395109E-007
2.6738239322318027E-007
1.5852174901325931E-007
2.9216445210165009E-007
1.6854635164484492E-007
3.1181689961999235E-007
1.7318401279903409E-007
3.2170550765795978E-007
1.7218030865671529E-007
3.2095969807805927E-007
1.6658009666997109E-007
3.1029658131457438E-007
1.5742815835509301E-007
2.9074083726860091E-007
1.4524478034727419E-007
2.6339320844187953E-007
1.3026779681990017E-007
2.3006985728645093E-007
1.1329342556660501E-007
1.9453525586506309E-007
9.6820108731895002E-008
1.6377312330338313E-007
8.5601740934049023E-008
1.4713059204117607E-007
8.4102308993809741E-008
1.4921595282497151E-007
9.1115605942020800E-008
1.6348477334893796E-007
1.0063983206737751E-007
1.7932930080741378E-007
1.0759207439851706E-007
1.8998742918554345E-007
1.0981046958879694E-007
1.9319896008986421E-007
1.0737731528417004E-007
1.8951310354590981E-007
1.0155485966824726E-007
1.8074553887606825E-007
9.3917859392061097E-008
1.6890893337922064E-007
8.5789556574628243E-008
1.5560475113956355E-007
7.7985403314743811E-008
1.4181494611919587E-007
7.0810146335515041E-008
1.2801285937026480E-007
6.4241327248605832E-008
1.1451415577645711E-007
5.8248834923781697E-008
1.0197606649362403E-007
5.3165690224766209E-008
9.1804434013155128E-008
4.9833447034460292E-008
8.5871184052749527E-008
4.9048099571506469E-008
8.5050802020033608E-008
5.0516844716417308E-008
8.7937382172861119E-008
5.2777823645307370E-008
9.1806242263458097E-008
5.4332235747028444E-008
9.4530748789403473E-008
5.4497474874576970E-008
9.5330660767623508E-008
5.3410300636712122E-008
9.4443478322073857E-008
5.1621525748398788E-008
9.2524310888189790E-008
4.9704752056454740E-008
9.0188647856741829E-008
4.8030012484209234E-008
8.7770179639526417E-008
4.6686807446080678E-008
8.5244813193178850E-008
4.5499947480404368E-008
8.2275352020089326E-008
4.4107528150881882E-008
7.8362645537726116E-008
4.2099938965882946E-008
7.3097383643790736E-008
3.9219135084184350E-008
6.6477988848318046E-008
3.5587165409758610E-008
5.9211426009301636E-008
3.1872954689367818E-008
5.2837571805936681E-008
2.9208689141450456E-008
4.9315163986663759E-008
2.8577176400704065E-008
4.9744413738124317E-008
2.9947284768540066E-008
5.3325332260987728E-008
3.2334100754163476E-008
5.8154485806996722E-008
3.4679367506772894E-008
6.2573568324408268E-008
3.6338783100135361E-008
6.5595566168990353E-008
3.7051876440798130E-008
6.6752976195999078E-008
3.6769272330108609E-008
6.5875569805193899E-008
3.5514897322111490E-008
6.2949912086204386E-008
3.3321570794224606E-008
5.8081597049175925E-008
3.0244360662477490E-008
5.1552715853718608E-008
2.6448387440712636E-008
4.3967553935636015E-008
2.2362929918734455E-008
3.6477274409687156E-008
1.8856739363341639E-008
3.0946357538036237E-008
1.7147744231737580E-008
2.9302916357418480E-008
1.7818742050018026E-008
3.1532932176349659E-008
1.9959770419021803E-008
3.5485327232276695E-008
2.2192020986660678E-008
3.9098988070727848E-008
2.3665433882660675E-008
4.1325117838745996E-008
2.4102914892232174E-008
4.1895408183775878E-008
2.3587307588003463E-008
4.0980098123478695E-008
2.2372094270649649E-008
3.8943160768445222E-008
2.0747682609528584E-008
3.6186802060078169E-008
1.8963124882191841E-008
3.3068726956313692E-008
1.7196728243984698E-008
2.9876374264272469E-008
1.5563673131142635E-008
2.6840998173963512E-008
1.4145640084142358E-008
2.4172755207131050E-008
1.3023763608592713E-008
2.2085861225067254E-008
1.2288246615621590E-008
2.0769319296576104E-008
1.1996164105637064E-008
2.0282789838551483E-008
1.2096705320186093E-008
2.0462876603927890E-008
1.2410634035529194E-008
2.0972780146444537E-008
1.2710947355792438E-008
2.1470082949803897E-008
1.2830791412235516E-008
2.1740443894508982E-008
1.2715325858025001E-008
2.1724547014648295E-008
1.2406846436279232E-008
2.1470574941748463E-008
1.1996019252898832E-008
2.1066238585744632E-008
1.1573580592969241E-008
2.0584425637265659E-008
1.1197815967562941E-008
2.0052984988248056E-008
1.0879783155763429E-008
1.9445963565874799E-008
1.0582605714359549E-008
1.8693580030728056E-008
1.0234025038193341E-008
1.7712033208804213E-008
9.7557727031721286E-009
1.6455998079527865E-008
9.1114713842853280E-009
9.1114713842853280E-009
9.1114713842853280E-009
9.1114713842853280E-009
9.1114713842853280E-009
9.1114713842853280E-009
9.1114713842853280E-009
9.1114713842853280E-009
9.1114713842853280E-009
9.1114713842853280E-009
1.0560282770226382E-002
1.4991021218505095E-006
1.4452158478935962E-004
4.6300091357524917E-006
5.5966794166419658E-005
7.6454412515533153E-006
5.8779656665331507E-005
5.5455185371070424E-006
2.2722146584514648E-005
1.4992308752745698E-006
1.2000193588208872E-005
1.7435122400878403E-006
1.0261279880273500E-005
1.6076807116287243E-006
8.5072727500897053E-006
1.7229456280355339E-006
8.4702468457318909E-006
2.2812841516591965E-006
8.1477936371499221E-006
2.6893674838258350E-006
8.7697952200171028E-006
3.4585517555598229E-006
1.0124425023298953E-005
4.0555067391619624E-006
9.9673642860900946E-006
3.5759016057444362E-006
8.5199705037940527E-006
2.7595418370895848E-006
7.3424405096115371E-006
2.2402774188969859E-006
6.5256367207354313E-006
1.9198689027294009E-006
5.7691169887154919E-006
1.7170494261775063E-006
5.2666004953866903E-006
1.6903307734882138E-006
5.2110865840113346E-006
1.8232413729760565E-006
5.4440968710342679E-006
2.0074377713677783E-006
5.6334641516950918E-006
2.1091693396136973E-006
5.5398932207821533E-006
2.0524286278054299E-006
5.1717777039145418E-006
1.8804190213527917E-006
4.7050846857116206E-006
1.6830725285003611E-006
4.2710138573019732E-006
1.5064199481743954E-006
3.8884444541629730E-006
1.3563809448924373E-006
3.5351429232625368E-006
1.2338518554647370E-006
3.2125178650316901E-006
1.1465130255961378E-006
2.9542060833659540E-006
1.1018242094595673E-006
2.7956066027033584E-006
1.0941552032395869E-006
2.7337853139624666E-006
1.1003119521104542E-006
2.7227614021024554E-006
1.0953501337948529E-006
2.7114061444269265E-006
1.0683810096281626E-006
2.6676816661960221E-006
1.0189740789734053E-006
2.5754863900145365E-006
9.5025095297219349E-007
2.4320521617040372E-006
8.6925438764303841E-007
2.2461552847147490E-006
7.8528935300072913E-007
2.0286985766886544E-006
7.0380707890227261E-007
1.7860355718649249E-006
6.2433736801379290E-007
1.5264362040393728E-006
5.4722366216095743E-007
1.2774435187574257E-006
4.8654417592485174E-007
1.1028510607546801E-006
4.7355238722648579E-007
1.0743821047201516E-006
5.1848431211099111E-007
1.1707482777699718E-006
5.7860979285071765E-007
1.2838632705596576E-006
6.0436218099698564E-007
1.3358380624174814E-006
5.8081120817865006E-007
1.3145178397554950E-006
5.2411811401381145E-007
1.2451208576082877E-006
4.5993868224058304E-007
1.1576299724556997E-006
4.0720330680922894E-007
1.0703357803563492E-006
3.7309578522861439E-007
9.8730519290190908E-007
3.5448093152359000E-007
9.0298536040515536E-007
3.4208928298907625E-007
8.1179068844014701E-007
3.2825057569706451E-007
7.2253089000591366E-007
3.1709370438623631E-007
6.6601050331418055E-007
3.2214801341524636E-007
6.6659445810916636E-007
3.4166257968153620E-007
7.0242691819959650E-007
3.5509507428767787E-007
7.3269354343509273E-007
3.4960441730253120E-007
7.3931672755954464E-007
3.2869528741125750E-007
7.2608537704375595E-007
3.0277089097085890E-007
7.0316234281121592E-007
2.8043837117631246E-007
6.7802945164808504E-007
2.6560742694186426E-007
6.5349174149371737E-007
2.5802379356031894E-007
6.2894097614454555E-007
2.5490373066654125E-007
6.0252328233793387E-007
2.5275080372122265E-007
5.7314531616942292E-007
2.4893727659958913E-007
5.4157714327245706E-007
2.4252670425927302E-007
5.1015965735172322E-007
2.3402655064257298E-007
4.8147130865742617E-007
2.2449022381242941E-007
4.5711433850592628E-007
2.1478459721566440E-007
4.3744955457637735E-007
2.0538870111064181E-007
4.2202905908757506E-007
1.9650262545480485E-007
4.1005982986028935E-007
1.8820128630971086E-007
4.0064486012020040E-007
1.8056707229840510E-007
3.9290076709716427E-007
1.7377020396574712E-007
3.8600489214123798E-007
1.6802307101140629E-007
3.7911997415526128E-007
1.6338788883977194E-007
3.7121366551381258E-007
1.5953834005083510E-007
3.6093359407114384E-007
1.5564656230954151E-007
3.4675122981115916E-007
1.5055161213816037E-007
3.2748438215848148E-007
1.4324361862196303E-007
3.0306861734670677E-007
1.3348808449719942E-007
2.7518378841472531E-007
1.2222771681949628E-007
2.4728069957251224E-007
1.1143300909794142E-007
2.2376567080758960E-007
1.0332874779726318E-007
2.0840517484542895E-007
9.9269009010304176E-008
2.0248072311874547E-007
9.8947381258155616E-008
2.0401767072798780E-007
1.0063743010251407E-007
2.0897442529305104E-007
1.0220585958257069E-007
2.1328005948368389E-007
1.0204389896834233E-007
2.1421439267704824E-007
9.9522243885229412E-008
2.1080425477540261E-007
9.4973574559286144E-008
2.0348776973083253E-007
8.9307632780771568E-008
1.9338080319776340E-007
8.3473310745609244E-008
1.8153549917510972E-007
7.8030531546322922E-008
1.6851881738132915E-007
7.3003651268992267E-008
1.5447026818290337E-007
6.8073813823634497E-008
1.3964724833696975E-007
6.3091924695220101E-008
1.2527761327779922E-007
5.8680605815797705E-008
1.1404423915457412E-007
5.6210890063432144E-008
1.0887182945251438E-007
5.6468768764353459E-008
1.1006441179259951E-007
5.8411942404843866E-008
1.1462250612453436E-007
6.0126994757230552E-008
1.1905995179757418E-007
6.0472471858437970E-008
1.2154443729344757E-007
5.9430985336834096E-008
1.2180096182680205E-007
5.7567406394406035E-008
1.2022802331846661E-007
5.5456793976317321E-008
1.1723497769361031E-007
5.3392526506602638E-008
1.1298152035868638E-007
5.1344820142679785E-008
1.0740586073708772E-007
4.9072220111398572E-008
1.0041916285463580E-007
4.6318230352182342E-008
9.2179235701368003E-008
4.3039949009744287E-008
8.3351834721399456E-008
3.9584449119774376E-008
7.5205329226099517E-008
3.6664379305011768E-008
6.9297360628446272E-008
3.4986227134253600E-008
6.6633252700252884E-008
3.4693526438044843E-008
6.6895950552982107E-008
3.5238687958074756E-008
6.8724383775884814E-008
3.5868271426224264E-008
7.0708616472252881E-008
3.6099049390309126E-008
7.1988750853805151E-008
3.5809915842549162E-008
7.2247299887025235E-008
3.5099110554227902E-008
7.1462026712326965E-008
3.4108775293435297E-008
6.9683748726646037E-008
3.2909768210105755E-008
6.6921379232061914E-008
3.1466873483252032E-008
6.3140058670221629E-008
2.9678578443316866E-008
5.8353579809244355E-008
2.7476061182961307E-008
5.2770559704552481E-008
2.4946505579434099E-008
4.6928084118167213E-008
2.2414238378176922E-008
4.1708285866826817E-008
2.0388350630256820E-008
3.8101716268942670E-008
1.9308944995115816E-008
3.6681349137664855E-008
1.9226300119940827E-008
3.7184111939794731E-008
1.9778312303347132E-008
3.8748643646868574E-008
2.0496781798906532E-008
4.0501979126178883E-008
2.1052886747995082E-008
4.1865272873854191E-008
2.1294862360490554E-008
4.2547483592850591E-008
2.1191509336518306E-008
4.2444827244180489E-008
2.0769156694706035E-008
4.1553075990434886E-008
2.0067227417116044E-008
3.9909558889717005E-008
1.9111893608802305E-008
3.7564781645944188E-008
1.7909742688188022E-008
3.4587573432223620E-008
1.6466976672319018E-008
3.1112360222678844E-008
1.4840398561349330E-008
2.7427871629381784E-008
1.3210967133072503E-008
2.4071964115539708E-008
1.1923820328388867E-008
2.1798166645009152E-008
1.1360998308123125E-008
2.1182041610107238E-008
1.1606908943505030E-008
2.2064008649067908E-008
1.2318645205155776E-008
2.3661240169025639E-008
1.3042522876447132E-008
2.5213142012347991E-008
1.3504855553914578E-008
2.6303732818226368E-008
1.3642214105942005E-008
2.6809866276865626E-008
1.3511104216397780E-008
2.6755002188801723E-008
1.3195024329210960E-008
2.6195145725821481E-008
1.2746628103028309E-008
2.5162665738703003E-008
1.2168200864059897E-008
2.3660977766300760E-008
1.1425728786896538E-008
2.1700920360932463E-008
1.0490863465397821E-008
1.9370248570538236E-008
9.4044625853324015E-009
9.4044625853324015E-009
9.4044625853324015E-009
9.4044625853324015E-009
9.4044625853324015E-009
9.4044625853324015E-009
9.4044625853324015E-009
9.4044625853324015E-009
9.4044625853324015E-009
9.4044625853324015E-009
1.0574214816818275E-002
7.7890545725306482E-007
7.7580610168372858E-005
1.9753007107610809E-006
4.3734094861194514E-005
3.9390872552287389E-006
2.3904762020763815E-005
8.9734307287032237E-007
6.1788787391792130E-006
7.1381010979883728E-007
5.5314668677370107E-006
9.6686513246574885E-007
4.7603844270253870E-006
8.9796475534866139E-007
4.6338964197913181E-006
1.0713922308092553E-006
3.8678666362043632E-006
9.8689616154706848E-007
3.0330771261304275E-006
1.0883195074046384E-006
3.2939906132378471E-006
1.5260467745994784E-006
3.7394879587299345E-006
1.6609222269664352E-006
3.5081536075440366E-006
1.4137035867345684E-006
3.2048188504798520E-006
1.2352636590480719E-006
3.1248234482857471E-006
1.1515439752854218E-006
2.9700778508142270E-006
1.0216745407429259E-006
2.6522841957637628E-006
8.7017639629901722E-007
2.3576644614943547E-006
7.7783778195767602E-007
2.1867263874850215E-006
7.5768583325801611E-007
2.1093399267861462E-006
7.7935338122305573E-007
2.0381579468873118E-006
7.9411011029155984E-007
1.9134837248500207E-006
7.7981181974835406E-007
1.7728635405766919E-006
7.6333292088281760E-007
1.6882100323060863E-006
7.6444742259519323E-007
1.6571107507989124E-006
7.5936854468934793E-007
1.6136665227699227E-006
7.1791167687185466E-007
1.5194689453861627E-006
6.4442575968128160E-007
1.3962620002792544E-006
5.6742096988327834E-007
1.2859173944627742E-006
5.0818628278353752E-007
1.2103725532505093E-006
4.7000754282807237E-007
1.1654769047052150E-006
4.4790026991230605E-007
1.1375917670893163E-006
4.3912953172112757E-007
1.1160897109361935E-006
4.4204485824800415E-007
1.0904837999052211E-006
4.4927191394037175E-007
1.0475241752037475E-006
4.4834084915922140E-007
9.7937090042835049E-007
4.3106362910169269E-007
8.9209771747654167E-007
3.9958523664766450E-007
8.0126950823456925E-007
3.6210150985404115E-007
7.2064328838979942E-007
3.2606093874679391E-007
6.5728769521183900E-007
2.9598139991903872E-007
6.1321882187751384E-007
2.7388730398969403E-007
5.8686143537332990E-007
2.5957569472274335E-007
5.7308120406263816E-007
2.5087483928347233E-007
5.6413926765603079E-007
2.4447212683553458E-007
5.5245245013289872E-007
2.3735777535254899E-007
5.3389501088207437E-007
2.2830778692855013E-007
5.0932186379890977E-007
2.1824882226660333E-007
4.8301604408689398E-007
2.0914162161867404E-007
4.5934670907296587E-007
2.0244838371206661E-007
4.4018441861959063E-007
1.9832832027023109E-007
4.2442916047220278E-007
1.9568133998427905E-007
4.0916933745586845E-007
1.9263750464644428E-007
3.9144516309126426E-007
1.8739567047467622E-007
3.7006433710795369E-007
1.7934383958563675E-007
3.4680348630687909E-007
1.6969362103008056E-007
3.2582991705126335E-007
1.6072075528355467E-007
3.1118260336550682E-007
1.5413769999515470E-007
3.0436331983014441E-007
1.5028467880754938E-007
3.0413583237554682E-007
1.4861950337065615E-007
3.0794467152220909E-007
1.4842365570938766E-007
3.1309073292804632E-007
1.4899824182401040E-007
3.1708563539507648E-007
1.4954563533371206E-007
3.1769276566612895E-007
1.4911807464214317E-007
3.1310366986482195E-007
1.4678199513374045E-007
3.0228786481334271E-007
1.4191788444133714E-007
2.8530780476451159E-007
1.3447586915209320E-007
2.6342807773043127E-007
1.2508660903499170E-007
2.3906604128657387E-007
1.1507640921488045E-007
2.1572203410853205E-007
1.0639803914211865E-007
1.9763889634260924E-007
1.0112050334432197E-007
1.8830871529920607E-007
1.0008167349719775E-007
1.8787910982203738E-007
1.0177540339019656E-007
1.9245451629217232E-007
1.0330537763229963E-007
1.9696190218250164E-007
1.0251265029016010E-007
1.9823538956421331E-007
9.9034184912021753E-008
1.9569703177211361E-007
9.3896490003949026E-008
1.9031948902945978E-007
8.8521597643371443E-008
1.8330919161142766E-007
8.3907127554552360E-008
1.7525645678796320E-007
8.0233428512562101E-008
1.6587404056985219E-007
7.6859404987711895E-008
1.5425801434345685E-007
7.2677799050368982E-008
1.3965844166904401E-007
6.6869351199544304E-008
1.2269089854958756E-007
5.9916481998463145E-008
1.0645868064185272E-007
5.4109532871963836E-008
9.6045696234495428E-008
5.2075279249650793E-008
9.4595064556634373E-008
5.3777844882033570E-008
9.9673455400920339E-008
5.6621943399354826E-008
1.0629104535350925E-007
5.8396774502790331E-008
1.1117450201022789E-007
5.8424062454991114E-008
1.1327060421549331E-007
5.7011243612858223E-008
1.1269439028797770E-007
5.4748931325468920E-008
1.0989143303019922E-007
5.2110699675129069E-008
1.0524128824504521E-007
4.9308025161894868E-008
9.8948538036455795E-008
4.6298430146440946E-008
9.1106870122229635E-008
4.2903230001395015E-008
8.1907846621534107E-008
3.9040006721847195E-008
7.2004876149921816E-008
3.5053478181633645E-008
6.2930118782105622E-008
3.1950952316436869E-008
5.7038284250324939E-008
3.0960330670446476E-008
5.6023628220949345E-008
3.2228261411828944E-008
5.8961138628759696E-008
3.4456343614041779E-008
6.3148258144263065E-008
3.6204589385914283E-008
6.6442859292209902E-008
3.6817061248789698E-008
6.8018437509269961E-008
3.6353642754727672E-008
6.7932741846238487E-008
3.5189160201405208E-008
6.6562101894343172E-008
3.3692222288380221E-008
6.4255114601209883E-008
3.2076613218679676E-008
6.1213612952271897E-008
3.0389809069803944E-008
5.7524060292261789E-008
2.8582305213903816E-008
5.3265455647193844E-008
2.6612163999449068E-008
4.8635665398065359E-008
2.4545391921929809E-008
4.4042646046124966E-008
2.2608547415181959E-008
4.0097623371044789E-008
2.1141601768237119E-008
3.7438715103051743E-008
2.0423277237793425E-008
3.6393278627121452E-008
2.0460331621147692E-008
3.6727764104337698E-008
2.0956858137569508E-008
3.7783402129676281E-008
2.1503654126542577E-008
3.8856234396724553E-008
2.1782716748232449E-008
3.9460216983172774E-008
2.1648322033712153E-008
3.9379712883630343E-008
2.1107205500952038E-008
3.8602298644140141E-008
2.0253840778799493E-008
3.7219177344323225E-008
1.9200619080755518E-008
3.5339275723855399E-008
1.8026825229008801E-008
3.3041482212582915E-008
1.6759718798646119E-008
3.0376275620743793E-008
1.5393878577505743E-008
2.7420252277730924E-008
1.3948717487664872E-008
2.4370694626543431E-008
1.2546969236401249E-008
2.1633747411721701E-008
1.1451279283057370E-008
1.9775876183051114E-008
1.0946024136334751E-008
1.9188478748617866E-008
1.1068125223499178E-008
1.9694573594814602E-008
1.1527529975949545E-008
2.0679159005223838E-008
1.1962427217532704E-008
2.1570967013599525E-008
1.2164846754517839E-008
2.2074917449438475E-008
1.2099610976920380E-008
2.2125058381411716E-008
1.1825822404282497E-008
2.1765672991872778E-008
1.1419721191673507E-008
2.1063620179199945E-008
1.0931378632292410E-008
2.0067901867101900E-008
1.0373839040633711E-008
1.8809014155980016E-008
9.7371246344422950E-009
9.7371246344422950E-009
9.7371246344422950E-009
9.7371246344422950E-009
9.7371246344422950E-009
9.7371246344422950E-009
9.7371246344422950E-009
9.7371246344422950E-009
9.7371246344422950E-009
1.0574539006434704E-002
4.6599653955963071E-007
4.7911438648528303E-005
1.0751773262341604E-006
2.6235620110908886E-005
2.0314804969104511E-006
1.2533179418585148E-005
4.3312240088453583E-007
3.6663539839697682E-006
4.9098904349725270E-007
3.5279353498472446E-006
6.0548025068327734E-007
2.9248940889017986E-006
5.7050030009517327E-007
2.7727883596234698E-006
6.5437018280606120E-007
2.2493416868290314E-006
5.9472699767876349E-007
1.8285963786064103E-006
6.7576259508953604E-007
1.9841079558668103E-006
8.9840394070714921E-007
2.1193398847653078E-006
9.1327443560029036E-007
1.9294550082447076E-006
7.8034407062255159E-007
1.8014364321342467E-006
7.2240090038753901E-007
1.8094598669512905E-006
7.0569801192748081E-007
1.7477532192928496E-006
6.3896926108221368E-007
1.5793375015255908E-006
5.4855777402840383E-007
1.4211692605745896E-006
4.8984706519541326E-007
1.3254599769020273E-006
4.7111496217725953E-007
1.2666508536925958E-006
4.7185204221889928E-007
1.1954588740115316E-006
4.6456302219303852E-007
1.0905198884219792E-006
4.4310586123307109E-007
9.8526197943527642E-007
4.2718985289230426E-007
9.2351722665229366E-007
4.2759738115373613E-007
9.0280853808724239E-007
4.2812508477276776E-007
8.8316365526899188E-007
4.0901826162833024E-007
8.4102361589989054E-007
3.7201344791876549E-007
7.8751721712646717E-007
3.3277932363453099E-007
7.4247349694031243E-007
3.0189910056746849E-007
7.1252183961640586E-007
2.8050744628899601E-007
6.9221044862335295E-007
2.6694598471103560E-007
6.7478346321381295E-007
2.6103710522398309E-007
6.5558710628873823E-007
2.6119001156221352E-007
6.2772211924511061E-007
2.6065563859726687E-007
5.8257244348138653E-007
2.5095431514502283E-007
5.1957414726606861E-007
2.3092378638007570E-007
4.5337078395363943E-007
2.0939016844145994E-007
4.0495849658959220E-007
1.9533305121798932E-007
3.8290769724146854E-007
1.8848026936399330E-007
3.7840760883756192E-007
1.8325711246739918E-007
3.7876533630354391E-007
1.7638028519718913E-007
3.7690318714206771E-007
1.6784735249630613E-007
3.7018451110653658E-007
1.5852796323473340E-007
3.5717706156515818E-007
1.4866641302944049E-007
3.3695006204970630E-007
1.3807960678339251E-007
3.1022627691364900E-007
1.2706352160369784E-007
2.8028566432344458E-007
1.1693563122896712E-007
2.5258836020840091E-007
1.0983345295575304E-007
2.3311463651474463E-007
1.0770987582588489E-007
2.2543687622616072E-007
1.1077865261685510E-007
2.2804324561460969E-007
1.1681740217752984E-007
2.3505524236420242E-007
1.2224794597151599E-007
2.3980008459239431E-007
1.2388620691289699E-007
2.3784957625018449E-007
1.2026884611789166E-007
2.2829073551101146E-007
1.1213147703087521E-007
2.1337175425591962E-007
1.0181679990632838E-007
1.9696439862812552E-007
9.2026499277902474E-008
1.8281954218193058E-007
8.4774192538540210E-008
1.7343875893883016E-007
8.0976246119789083E-008
1.6964214006105314E-007
8.0522198766999426E-008
1.7060229347659575E-007
8.2532368057620725E-008
1.7425220083135225E-007
8.5656374966608975E-008
1.7797118482086284E-007
8.8400229811309698E-008
1.7934333379753420E-007
8.9492689279303744E-008
1.7677784828439812E-007
8.8212021074758327E-008
1.6982508946064852E-007
8.4530786983643330E-008
1.5913547152106864E-007
7.9035736012736149E-008
1.4620029892459392E-007
7.2738319447486743E-008
1.3308825494372793E-007
6.6886943774880444E-008
1.2216339907661357E-007
6.2685882112897096E-008
1.1542611699713023E-007
6.0738515879444610E-008
1.1339591440061965E-007
6.0554885280418908E-008
1.1461524892959081E-007
6.0871828405165467E-008
1.1669994974987982E-007
6.0584282786717318E-008
1.1782485725267694E-007
5.9322099967805402E-008
1.1727893729904322E-007
5.7354783515352097E-008
1.1513580382983800E-007
5.5164888258709394E-008
1.1167861452125946E-007
5.3059590636223594E-008
1.0699756832509213E-007
5.0983693922074428E-008
1.0089120201203084E-007
4.8563943546408099E-008
9.3079235281618300E-008
4.5382401413776258E-008
8.3690231371179216E-008
4.1432974750792272E-008
7.3858039797057032E-008
3.7532584403465201E-008
6.5919686257425406E-008
3.5118520158808987E-008
6.2308722069795677E-008
3.5002278903937528E-008
6.3309955288091203E-008
3.6395442582233975E-008
6.6721227273232972E-008
3.7821713556083374E-008
7.0073921014092432E-008
3.8363928905029507E-008
7.2040606516227515E-008
3.7864492539984025E-008
7.2310312269826750E-008
3.6588713229766695E-008
7.1064346211602732E-008
3.4894304160391617E-008
6.8596466148458760E-008
3.3042661720708155E-008
6.5129302498626231E-008
3.1130333209248205E-008
6.0773910915861233E-008
2.9108389373554262E-008
5.5599502120302205E-008
2.6881282908500015E-008
4.9811200560842054E-008
2.4486834115132175E-008
4.4015470020587941E-008
2.2305529536402490E-008
3.9399268025847217E-008
2.1062089090592356E-008
3.7328306423669734E-008
2.1265461364257556E-008
3.8127668128029204E-008
2.2532313930956313E-008
4.0565548916699418E-008
2.3912903205578277E-008
4.3026460503861763E-008
2.4700895597481765E-008
4.4557943013554227E-008
2.4704720060192281E-008
4.4931858409148309E-008
2.4079349950396387E-008
4.4307352672805881E-008
2.3084068880744037E-008
4.2934462296497743E-008
2.1925026502981496E-008
4.1003527961659414E-008
2.0700460318633292E-008
3.8617053735565974E-008
1.9419002098521470E-008
3.5837259391278921E-008
1.8058207497933227E-008
3.2769421427943748E-008
1.6638324911454671E-008
2.9645605560746498E-008
1.5282546392013974E-008
2.6863637959051706E-008
1.4221192684798008E-008
2.4910539231061326E-008
1.3690094350557331E-008
2.4120108211472428E-008
1.3750187553981270E-008
2.4410577271744502E-008
1.4207754713458414E-008
2.5313930736940189E-008
1.4743933155092928E-008
2.6276820335813289E-008
1.5094236719677419E-008
2.6902694853307881E-008
1.5128143873934999E-008
2.7008589018068684E-008
1.4837179586467004E-008
2.6574957987304069E-008
1.4285262333580076E-008
2.5669307340994714E-008
1.3556357693462852E-008
2.4382237291197767E-008
1.2717605583332690E-008
2.2791903456999579E-008
1.1805711496576275E-008
2.0962454010498598E-008
1.0839045713919850E-008
1.8976249099186963E-008
9.8521170259610771E-009
9.8521170259610771E-009
9.8521170259610771E-009
9.8521170259610771E-009
9.8521170259610771E-009
9.8521170259610771E-009
9.8521170259610771E-009
9.8521170259610771E-009
9.8521170259610771E-009
1.0574440544269509E-002
2.9401622806076451E-007
3.1450995431199754E-005
6.2124167690303809E-007
1.5913533245120425E-005
1.1840942728717585E-006
7.3619741569092406E-006
2.6716198805996059E-007
2.3834860988744945E-006
3.2506394266838224E-007
2.2880754888145494E-006
3.7978257386674673E-007
1.8037334890965501E-006
3.4444982070277109E-007
1.6773136441181520E-006
3.9433419411089909E-007
1.3895194422264786E-006
3.7103800491300726E-007
1.1647085637224305E-006
4.1860406833214421E-007
1.2351111265775962E-006
5.3080844710972423E-007
1.2676617258820721E-006
5.2761306652544471E-007
1.1403529977610868E-006
4.6057039115018036E-007
1.0779233418913821E-006
4.4374950053317434E-007
1.1015780467030159E-006
4.4538311654566546E-007
1.0791809892973485E-006
4.0818570540214021E-007
9.8777686001188558E-007
3.5175398161466333E-007
8.9906091865624079E-007
3.1352781245806555E-007
8.4260000251119158E-007
2.9871673115323749E-007
7.9961324234305904E-007
2.9357896584246518E-007
7.4332472250051160E-007
2.8343040749105045E-007
6.6869617776374605E-007
2.6741068954647992E-007
5.9794726544999839E-007
2.5620635655853856E-007
5.5403275206928149E-007
2.5423126033089907E-007
5.3499591860596851E-007
2.5241038518177607E-007
5.2035935721663691E-007
2.4095376235238904E-007
4.9866383492009047E-007
2.2149690574131997E-007
4.7528620664741816E-007
2.0187780836774713E-007
4.5810934392400428E-007
1.8665592853935374E-007
4.4757131162153522E-007
1.7598601237690487E-007
4.3915492311483827E-007
1.6924967588382771E-007
4.2908887651701233E-007
1.6639814609082346E-007
4.1455276191799528E-007
1.6558849350457869E-007
3.9076733945857906E-007
1.6172589885260738E-007
3.5309354063055581E-007
1.5030165217308957E-007
3.0473138397591387E-007
1.3367377824856478E-007
2.6037832547301233E-007
1.2072936259955897E-007
2.3668138153067462E-007
1.1697889364340512E-007
2.3559552541520280E-007
1.1855297060346730E-007
2.4474091504260448E-007
1.1932549172713001E-007
2.5285782710660493E-007
1.1693920819245094E-007
2.5539700023766955E-007
1.1195648563716112E-007
2.5150245049481520E-007
1.0552020443953221E-007
2.4120856458628672E-007
9.8257614076182112E-008
2.2488484719561190E-007
9.0387750677663159E-008
2.0379985352330543E-007
8.2246731424507025E-008
1.8058620124589842E-007
7.4733607918506226E-008
1.5936772290572569E-007
6.9550143502638258E-008
1.4527378686258132E-007
6.8646361920812856E-008
1.4189606679974566E-007
7.2324167409570093E-008
1.4760182566498738E-007
7.8156989017712666E-008
1.5625396634078999E-007
8.2661929260722124E-008
1.6183700491320010E-007
8.3458343366345673E-008
1.6131965084129130E-007
8.0114671283633003E-008
1.5482492031902084E-007
7.3831201539051763E-008
1.4448137768653211E-007
6.6516613061063027E-008
1.3300790616077855E-007
5.9897933032530717E-008
1.2273138520162114E-007
5.5078922947694721E-008
1.1519829205893693E-007
5.2506069018346759E-008
1.1108367416449945E-007
5.2073646497369157E-008
1.1013917255421681E-007
5.3220769878241413E-008
1.1126446173716494E-007
5.5069271398258552E-008
1.1287699735236090E-007
5.6664827981805596E-008
1.1346885965621552E-007
5.7255894057744300E-008
1.1205497484248881E-007
5.6477479301698227E-008
1.0833282101773305E-007
5.4366578896832282E-008
1.0259408106364829E-007
5.1257664354908274E-008
9.5555387525284305E-008
4.7666669982894110E-008
8.8236141948567308E-008
4.4211109597635124E-008
8.1834819296646658E-008
4.1490398640968371E-008
7.7409624122343257E-008
3.9836672540502486E-008
7.5344287352696656E-008
3.9092220232485882E-008
7.5080050593928151E-008
3.8733198294771930E-008
7.5532838671987223E-008
3.8271926150397922E-008
7.5768471789043307E-008
3.7519543495468234E-008
7.5306679138556896E-008
3.6545254244469374E-008
7.4009472887757844E-008
3.5481976616790802E-008
7.1841224939904227E-008
3.4359131316201498E-008
6.8715356258332209E-008
3.3048477316805651E-008
6.4506967921460114E-008
3.1344425746966651E-008
5.9233232409019928E-008
2.9162754622716298E-008
5.3341082116955696E-008
2.6776031027227481E-008
4.7910309388591816E-008
2.4865149088312564E-008
4.4383783795724141E-008
2.4099167451664143E-008
4.3571307243707250E-008
2.4458951146111653E-008
4.4848076337031746E-008
2.5236268063491854E-008
4.6780259126293783E-008
2.5715042294946884E-008
4.8231361530611372E-008
2.5586403435283112E-008
4.8713357797855815E-008
2.4898256695341140E-008
4.8190083957190356E-008
2.3852741357373850E-008
4.6805031132501987E-008
2.2642524113309030E-008
4.4705796868660800E-008
2.1367705270588876E-008
4.1978813339890861E-008
2.0026258579929796E-008
3.8677576430003298E-008
1.8569114192560304E-008
3.4934087756016780E-008
1.7014117243607202E-008
3.1128198803463302E-008
1.5581779669989015E-008
2.8004175738860060E-008
1.4710284269764304E-008
2.6446624787577532E-008
1.4742691159346617E-008
2.6756944587174536E-008
1.5502539915452409E-008
2.8252825851667364E-008
1.6418927942985471E-008
2.9896621709493022E-008
1.7012027500615417E-008
3.0995508199005412E-008
1.7106148013471909E-008
3.1316428822896563E-008
1.6755150856348131E-008
3.0903725146179039E-008
1.6098829980551905E-008
2.9894067212258543E-008
1.5262400187940934E-008
2.8416611387910180E-008
1.4319669636970046E-008
2.6572848898274520E-008
1.3304527396992355E-008
2.4465840661583025E-008
1.2248164066701008E-008
2.2247936127297555E-008
1.1220109359463545E-008
2.0156319573752793E-008
1.0346942100886714E-008
1.8497650633938611E-008
9.7814610276430077E-009
9.7814610276430077E-009
9.7814610276430077E-009
9.7814610276430077E-009
9.7814610276430077E-009
9.7814610276430077E-009
9.7814610276430077E-009
9.7814610276430077E-009
1.0574645615872041E-002
1.9374740222178763E-007
2.1543061849974378E-005
3.7702806379308732E-007
1.0261333687588654E-005
7.3022622287802827E-007
4.5645981441247429E-006
1.6939931050676354E-007
1.5937623742865167E-006
2.1742837756747986E-007
1.5011401664877075E-006
2.3989277428490505E-007
1.1187316883310878E-006
2.0750560584520259E-007
1.0261235102143912E-006
2.4172112470794863E-007
8.7714580998673555E-007
2.3805888973491723E-007
7.5054463044338729E-007
2.6371753628473589E-007
7.6959407133036222E-007
3.1948976138672622E-007
7.6356056790480280E-007
3.1514150537036029E-007
6.8309543052419959E-007
2.8305722513053735E-007
6.5372728518093711E-007
2.8167349804340826E-007
6.7936558085812514E-007
2.8744239620199634E-007
6.7560729651274053E-007
2.6464849433160500E-007
6.2547622221116195E-007
2.2731324524530681E-007
5.7347475874414599E-007
2.0131554441072748E-007
5.3797026550417169E-007
1.8986311017546233E-007
5.0597056829924760E-007
1.8338818160298626E-007
4.6371093666353646E-007
1.7437582126109006E-007
4.1308208342149606E-007
1.6380561521467641E-007
3.6751374070733334E-007
1.5675882960647556E-007
3.3791128846986199E-007
1.5461701967181026E-007
3.2333539695727461E-007
1.5288990645398474E-007
3.1433023994472200E-007
1.4704741960368508E-007
3.0504468379640968E-007
1.3777544292670531E-007
2.9673755376145664E-007
1.2839239553126574E-007
2.9138424779043607E-007
1.2068999145549562E-007
2.8767608681874806E-007
1.1467590233850644E-007
2.8282282153065889E-007
1.1028190574642087E-007
2.7515004357375229E-007
1.0763734925179727E-007
2.6338607231520618E-007
1.0553485879792869E-007
2.4494168849222948E-007
1.0095918293773601E-007
2.1775093720433618E-007
9.1812939079869589E-008
1.8508681914685698E-007
8.0573082827806923E-008
1.5751809830582242E-007
7.3548139605825789E-008
1.4628203033724274E-007
7.3789082462365275E-008
1.5108305969271694E-007
7.7353609693762670E-008
1.6154253392800570E-007
7.9417537083410674E-008
1.6943330266451028E-007
7.8388684389172828E-008
1.7191861749166330E-007
7.4925679186962875E-008
1.6895902298602893E-007
7.0182841665526551E-008
1.6123281313339388E-007
6.4952031118504083E-008
1.4952205976238935E-007
5.9568357614223731E-008
1.3479315274844342E-007
5.4133121291673871E-008
1.1845367303568395E-007
4.8916951110821352E-008
1.0289742283431765E-007
4.4956124929215143E-008
9.2032724392222251E-008
4.4087841104265094E-008
8.9653421650735994E-008
4.7047982293488935E-008
9.5036923631216898E-008
5.1763590094771659E-008
1.0278817705980012E-007
5.5161063868672287E-008
1.0785362826603629E-007
5.5505861738846842E-008
1.0816821999065411E-007
5.2860568708711508E-008
1.0419388492606975E-007
4.8392056641683731E-008
9.7571077677672159E-008
4.3478485944236582E-008
9.0013140257021578E-008
3.9137723786538017E-008
8.2788783145547863E-008
3.5888136856441545E-008
7.6694351642203891E-008
3.3881734073162060E-008
7.2221216839810348E-008
3.3085612121532510E-008
6.9642298513509322E-008
3.3354490512992051E-008
6.8905496144537020E-008
3.4380167679520970E-008
6.9485069061621133E-008
3.5659153399865455E-008
7.0465424387114881E-008
3.6609447439049821E-008
7.0886156258714382E-008
3.6779021658408866E-008
7.0088048956994567E-008
3.5985760468198618E-008
6.7854481277538542E-008
3.4319121209981896E-008
6.4365680340014880E-008
3.2054955241184248E-008
6.0087043310033882E-008
2.9564307542528813E-008
5.5663674004152172E-008
2.7239274830338773E-008
5.1795710535126633E-008
2.5408321606500228E-008
4.9035183227462172E-008
2.4228699200711840E-008
4.7557852653784479E-008
2.3633203353990887E-008
4.7102200603439452E-008
2.3405878068479307E-008
4.7159830533431465E-008
2.3321805126736613E-008
4.7229963949718829E-008
2.3223690728038987E-008
4.6942985515204300E-008
2.3009075579073653E-008
4.6054758281040403E-008
2.2586664705045748E-008
4.4410611436628184E-008
2.1860630391643445E-008
4.1953753309804786E-008
2.0767340248985926E-008
3.8795190085096495E-008
1.9356905298662291E-008
3.5310195059394555E-008
1.7865294728238611E-008
3.2161190027815728E-008
1.6678632744437648E-008
3.0088594914643768E-008
1.6106389688469604E-008
2.9447226371859135E-008
1.6114458609134733E-008
2.9914995172251199E-008
1.6362477602640236E-008
3.0787613866067190E-008
1.6501008507302835E-008
3.1466635856542625E-008
1.6363104067189237E-008
3.1649214294323690E-008
1.5953325350481592E-008
3.1260336404166930E-008
1.5353006060227206E-008
3.0324774434403066E-008
1.4635143139100617E-008
2.8878814615116491E-008
1.3822404270835869E-008
2.6947597759999754E-008
1.2895170678324522E-008
2.4588654753132974E-008
1.1848509286226728E-008
2.1992300612624744E-008
1.0783676432482296E-008
1.9590722224375792E-008
9.9679171953414184E-009
9.9679171953414184E-009
9.9679171953414184E-009
9.9679171953414184E-009
9.9679171953414184E-009
9.9679171953414184E-009
9.9679171953414184E-009
9.9679171953414184E-009
1.0574685657675302E-002
1.3150602058130583E-007
1.5128490137511883E-005
2.4009145590658562E-007
7.0762285866793224E-006
4.5423664747148399E-007
2.8823506362996466E-006
1.0571348021756194E-007
1.1149985116684432E-006
1.4541742669764725E-007
9.7432576098893086E-007
1.4305707046596185E-007
6.8900968512243773E-007
1.2575939185938676E-007
6.3933733306533988E-007
1.5482060825616750E-007
5.6446711892191225E-007
1.6020383934241065E-007
4.9877587942449401E-007
1.7644762147497449E-007
4.9620493642457772E-007
2.0160531784487828E-007
4.6952836328848575E-007
1.9378955480096429E-007
4.1628511036762763E-007
1.7955581544040198E-007
4.0768459196166121E-007
1.8468374252196320E-007
4.3134452317765525E-007
1.8880042583664229E-007
4.3184099491790905E-007
1.7206391891154278E-007
4.0238471191366111E-007
1.4697366819454519E-007
3.7162945303373857E-007
1.3012846197248731E-007
3.4903908501925081E-007
1.2209904721787241E-007
3.2535188800493048E-007
1.1631958710792777E-007
2.9487447956369877E-007
1.0973658839510562E-007
2.6222035015299329E-007
1.0386009068318806E-007
2.3474687889199744E-007
1.0040771694657833E-007
2.1625115113586370E-007
9.8962531254549842E-008
2.0573522342810821E-007
9.7387248956990235E-008
1.9948564369403899E-007
9.4112133295213702E-008
1.9512337391325080E-007
8.9577329372781051E-008
1.9242712460263128E-007
8.4943281574604608E-008
1.9097293579646090E-007
8.0664415139963536E-008
1.8915979806439657E-007
7.6710314681986927E-008
1.8550620469283043E-007
7.3346148997215258E-008
1.7958322703556970E-007
7.0907325079010574E-008
1.7101169697370302E-007
6.8771019160350977E-008
1.5848745815932460E-007
6.5281241713344005E-008
1.4113195941544119E-007
5.9444549613208131E-008
1.2120573729811259E-007
5.2837247060596943E-008
1.0496641083440735E-007
4.8997574360742666E-008
9.8755515885473382E-008
4.9466719504164640E-008
1.0212843760622522E-007
5.1819177708612149E-008
1.0879704701204358E-007
5.3139895970848479E-008
1.1367710599187873E-007
5.2445945992161790E-008
1.1494258304966151E-007
5.0153142908531005E-008
1.1259056454943016E-007
4.7022651708587690E-008
1.0718838722166114E-007
4.3620615330089670E-008
9.9414722709072024E-008
4.0215253452329812E-008
8.9999963286042348E-008
3.6888345608931754E-008
7.9884612466900402E-008
3.3821864652196357E-008
7.0626617238373985E-008
3.1671251159342419E-008
6.4578938600940917E-008
3.1404948442441088E-008
6.3540097833334843E-008
3.3107315605745413E-008
6.6495830581397970E-008
3.5396652509231421E-008
7.0274513060808779E-008
3.6658191972733141E-008
7.2289091304664509E-008
3.6178797601191985E-008
7.1667435881085199E-008
3.4198196906251194E-008
6.8820048264611550E-008
3.1431674531551822E-008
6.4670855346300527E-008
2.8601146771816007E-008
6.0113484211620567E-008
2.6190449559390020E-008
5.5795169854927938E-008
2.4419460435687063E-008
5.2133048506166047E-008
2.3335258611255364E-008
4.9402107577512125E-008
2.2905889357155751E-008
4.7761950276579648E-008
2.3044836319671336E-008
4.7178171523908518E-008
2.3572554076386621E-008
4.7337103790347271E-008
2.4200047466270740E-008
4.7700319210334728E-008
2.4599078539299861E-008
4.7701506038451558E-008
2.4517540727957503E-008
4.6942738377886466E-008
2.3854343615899712E-008
4.5282615002457298E-008
2.2663328760429226E-008
4.2827328830739027E-008
2.1113870755495375E-008
3.9883956825128881E-008
1.9446597518441715E-008
3.6900878363039150E-008
1.7926885135013623E-008
3.4370273352974730E-008
1.6775655348283993E-008
3.2662097416477914E-008
1.6083974099192785E-008
3.1855091160884547E-008
1.5781203990347596E-008
3.1717337551148361E-008
1.5702671276026110E-008
3.1868632616901693E-008
1.5691224834670538E-008
3.1960320014852245E-008
1.5643076105280168E-008
3.1747271858576269E-008
1.5492070039003045E-008
3.1073017088951792E-008
1.5177768092491337E-008
2.9841907511593875E-008
1.4635692127815931E-008
2.8027379051395331E-008
1.3827208044404881E-008
2.5728395150183201E-008
1.2802929203465157E-008
2.3248297278347007E-008
1.1758443182144958E-008
2.1108657198892062E-008
1.0993049844725673E-008
1.9853744736607397E-008
1.0705400950084060E-008
1.9655567153283706E-008
1.0797860902838421E-008
2.0156424124258468E-008
1.0977999771153164E-008
2.0805652448644523E-008
1.1013849013121263E-008
2.1222697288262733E-008
1.0838567030519647E-008
2.1265570551811652E-008
1.0500874126315061E-008
2.0933229983724153E-008
1.0078510252895889E-008
2.0259941209671275E-008
9.6171192359410929E-009
9.6171192359410929E-009
9.6171192359410929E-009
9.6171192359410929E-009
9.6171192359410929E-009
9.6171192359410929E-009
9.6171192359410929E-009
9.6171192359410929E-009
1.0574855981210086E-002
9.1183717580032304E-008
1.0790046916756352E-005
1.5962592534962767E-007
5.0456967590298558E-006
2.8963644394878872E-007
1.8710073578300625E-006
6.7102263917010364E-008
7.8436206208878756E-007
9.5546567779113246E-008
6.2849440511839999E-007
8.4588516764453411E-008
4.3404256560419228E-007
7.9492360411929556E-008
4.1541442425324543E-007
1.0584281645531945E-007
3.7687379275983890E-007
1.1222115138219985E-007
3.3356702054621325E-007
1.1862288616818222E-007
3.1716404469099378E-007
1.2750444841811350E-007
2.8849724919092885E-007
1.2125704010735722E-007
2.5637594930080590E-007
1.1671109250355616E-007
2.5870756466212827E-007
1.2321362301326230E-007
2.7914308385435540E-007
1.2560215491503687E-007
2.8201388837408045E-007
1.1357383572268846E-007
2.6477408067214345E-007
9.6664942755505572E-008
2.4553930116912947E-007
8.5314605568621188E-008
2.2957818484501399E-007
7.9207782009119574E-008
2.1138051994361647E-007
7.4374878007920311E-008
1.8981662953640631E-007
7.0036278608775412E-008
1.6924453627888982E-007
6.7194221154469131E-008
1.5282807872823310E-007
6.5784447789503140E-008
1.4119010419541735E-007
6.5000760916519749E-008
1.3400623638039334E-007
6.4151568026577338E-008
1.3035252890192488E-007
6.2810748144438710E-008
1.2895235174803420E-007
6.0865774134038012E-008
1.2859983076276245E-007
5.8363746857370704E-008
1.2808551699682669E-007
5.5339187104077718E-008
1.2630810986684692E-007
5.1990386103419078E-008
1.2284761931621083E-007
4.8864347023767494E-008
1.1800570085219706E-007
4.6469218863496734E-008
1.1190998000289634E-007
4.4615833083385540E-008
1.0394019544092812E-007
4.2406835873294536E-008
9.3514687271303492E-008
3.9149212165750388E-008
8.1606700605835003E-008
3.5444066386188073E-008
7.1509083522715075E-008
3.3176527610407317E-008
6.7154369910683498E-008
3.3502022268493508E-008
6.8953839811017273E-008
3.5171272801598668E-008
7.3235339432992674E-008
3.6227691068215219E-008
7.6467483069218683E-008
3.5840165196929302E-008
7.7212729095602122E-008
3.4214513958316691E-008
7.5451569495127952E-008
3.1922830937075725E-008
7.1703554557282155E-008
2.9471570779707995E-008
6.6566858624973034E-008
2.7136677504256991E-008
6.0548329754472849E-008
2.4976193540264467E-008
5.4138012694289860E-008
2.3018153243126931E-008
4.8138314943375366E-008
2.1560205874970458E-008
4.3914991423512318E-008
2.1180747843787191E-008
4.2722812651274055E-008
2.2043547854401525E-008
4.4213201836220983E-008
2.3376090087799209E-008
4.6489531352521283E-008
2.4137630858716243E-008
4.7814195232454097E-008
2.3822428854527737E-008
4.7519510734048394E-008
2.2555659142434345E-008
4.5800497216631458E-008
2.0785534961536792E-008
4.3206945598680435E-008
1.8967193371204889E-008
4.0274251809323574E-008
1.7397900910005422E-008
3.7376225008886222E-008
1.6199640273173245E-008
3.4744237104681761E-008
1.5386861740820137E-008
3.2557881642036288E-008
1.4951241345475063E-008
3.1012751688397677E-008
1.4899816312124734E-008
3.0273330339828595E-008
1.5205509856050704E-008
3.0306427379435629E-008
1.5717741161408099E-008
3.0772728053714859E-008
1.6162647726438270E-008
3.1152042498653636E-008
1.6267179623389707E-008
3.0999748401825897E-008
1.5888595527546477E-008
3.0112742370973687E-008
1.5051270548446710E-008
2.8539452955619405E-008
1.3900905986752002E-008
2.6505465618475120E-008
1.2637763330139481E-008
2.4332608337884762E-008
1.1464599743192938E-008
2.2372715230124968E-008
1.0551016134913201E-008
2.0928252890896848E-008
9.9951606356481023E-009
9.9951606356481023E-009
9.9951606356481023E-009
9.9951606356481023E-009
9.9951606356481023E-009
9.9951606356481023E-009
9.9951606356481023E-009
1.0574945059125509E-002
6.4774651130087665E-008
7.7452753060512440E-006
1.0927413344482068E-007
3.6929007164602556E-006
1.8113555939678258E-007
1.2263569911224737E-006
4.4925233202253930E-008
5.8998943040118355E-007
6.1273352054611631E-008
4.0469760308994781E-007
4.7132859650816998E-008
2.9278941991432212E-007
5.6076010397283448E-008
2.8275578383590778E-007
7.9169993161817017E-008
2.5356267767507046E-007
8.2194273086616675E-008
2.2563865819738994E-007
8.4206461689616292E-008
2.0929887640494972E-007
8.5954631071199739E-008
1.8427788317445822E-007
8.0417808815623448E-008
1.6471364550542965E-007
8.0161147129767131E-008
1.7189103281759228E-007
8.6347739935950528E-008
1.8835531604570865E-007
8.7301120919462967E-008
1.9170609918373248E-007
7.8633231338842525E-008
1.8233593345084376E-007
6.7431363281696619E-008
1.7076647343324388E-007
5.9633138262660827E-008
1.5937198481256699E-007
5.4775566946574884E-008
1.4587926864118575E-007
5.1139758339438166E-008
1.3140369761535018E-007
4.8769669600051510E-008
1.1851198651375792E-007
4.7660511290396847E-008
1.0786163679137663E-007
4.7021701228910207E-008
9.9586893951863319E-008
4.6498338333886047E-008
9.4503556682407079E-008
4.6232925501602919E-008
9.2655948898674193E-008
4.5925532342917709E-008
9.2609220501631503E-008
4.4959087551851101E-008
9.2682680595916386E-008
4.3044393234325584E-008
9.1844615283215676E-008
4.0339203700336797E-008
8.9741119168247495E-008
3.7308826614174595E-008
8.6583667851926415E-008
3.4568625519856571E-008
8.2852133184019839E-008
3.2564105884511690E-008
7.8736931050538274E-008
3.1240614157771551E-008
7.3890043509184703E-008
3.0068957114600744E-008
6.7850724874199022E-008
2.8496541616605713E-008
6.0837742361232602E-008
2.6546294265408357E-008
5.4324234302680367E-008
2.5038706547675293E-008
5.0534463273672805E-008
2.4800528674120465E-008
5.0373736260755824E-008
2.5507297979600568E-008
5.2290207949886858E-008
2.6076856998772411E-008
5.4072464065111242E-008
2.5827374297260803E-008
5.4498210100700488E-008
2.4740755679130765E-008
5.3350050649019065E-008
2.3147327252056918E-008
5.0916910182922082E-008
2.1416784615841349E-008
4.7618018050481512E-008
1.9790893644908490E-008
4.3819388758281306E-008
1.8351537318857734E-008
3.9842780799885635E-008
1.7116165433542997E-008
3.6129588408801507E-008
1.6195681476045310E-008
3.3352092743272109E-008
1.5815341711111826E-008
3.2112889985120453E-008
1.6038299171755399E-008
3.2311915407320424E-008
1.6526017952955923E-008
3.3085252074468055E-008
1.6772807255090790E-008
3.3511604291503036E-008
1.6489424207252166E-008
3.3143554678440819E-008
1.5704506970150730E-008
3.2003896612770329E-008
1.4635071656529170E-008
3.0350921679738927E-008
1.3522823413950753E-008
2.8475093060161093E-008
1.2538779792510032E-008
2.6603067159672187E-008
1.1765101577677586E-008
2.4892937855859067E-008
1.1224704765330571E-008
2.3471966597518451E-008
1.0921934234289072E-008
2.2462113974909216E-008
1.0857480247571905E-008
2.1945373030453712E-008
1.0999393818752647E-008
2.1874039848167621E-008
1.1241490910769649E-008
2.2026590720357507E-008
1.1415465931386982E-008
2.2090173661174331E-008
1.1365340320149331E-008
2.1806291703987982E-008
1.1017718038760488E-008
2.1062225446673748E-008
1.0397393748143578E-008
1.9895038306884536E-008
9.5986177316468907E-009
9.5986177316468907E-009
9.5986177316468907E-009
9.5986177316468907E-009
9.5986177316468907E-009
9.5986177316468907E-009
9.5986177316468907E-009
1.0575021144159461E-002
4.5612024857293527E-008
5.5428706041663450E-006
7.6257535363786491E-008
2.6847937967151076E-006
1.1555890077655215E-007
8.1223612338574843E-007
3.1087444126701592E-008
4.2456999209928763E-007
3.8813213728767577E-008
2.6536666264783749E-007
2.8597572876616872E-008
2.0287007748115940E-007
4.0855689741827017E-008
1.8870672203623463E-007
5.7172371658370519E-008
1.6765020029710920E-007
5.8331291652712351E-008
1.5068724711141159E-007
5.9007348955172458E-008
1.3861478531847143E-007
5.8582577170134995E-008
1.1991773757796099E-007
5.3988133071752293E-008
1.0713864994585491E-007
5.4582941332727906E-008
1.1384549355685579E-007
5.9591562982288149E-008
1.2630244445119329E-007
6.0533099731322177E-008
1.2971943220279335E-007
5.4922556171099867E-008
1.2447818917312163E-007
4.7450633720493171E-008
1.1701531200745167E-007
4.1881150001157885E-008
1.0900307509415401E-007
3.8151026386042019E-008
9.9750587318681841E-008
3.5564541073636423E-008
9.0433281753087014E-008
3.4210752582109127E-008
8.2417344923417975E-008
3.3805588635413742E-008
7.5727864257513538E-008
3.3626624719650091E-008
7.0365302337074332E-008
3.3438531648335765E-008
6.6952922915102896E-008
3.3392804224958495E-008
6.5589972341243526E-008
3.3284949167544828E-008
6.5319823402901609E-008
3.2634987620695487E-008
6.4989948444851829E-008
3.1200594547507703E-008
6.3933411304074296E-008
2.9096799509625884E-008
6.1990784244827131E-008
2.6676690194374846E-008
5.9390468583444250E-008
2.4405553331182180E-008
5.6543869980495278E-008
2.2661975133381368E-008
5.3705119167743816E-008
2.1535652355173945E-008
5.0788222733035411E-008
2.0805848386656957E-008
4.7525825159594823E-008
2.0125510632793278E-008
4.3829400291759509E-008
1.9305030126225448E-008
4.0129373108554450E-008
1.8523220926352121E-008
3.7370958122709541E-008
1.8176457893968817E-008
3.6305167603949940E-008
1.8346950986235919E-008
3.6640145917259131E-008
1.8612871497550744E-008
3.7301640903517078E-008
1.8488033914989918E-008
3.7363775047137457E-008
1.7789175876694129E-008
3.6466230353284622E-008
1.6632464932283708E-008
3.4704888281243628E-008
1.5271879041785651E-008
3.2391527428311158E-008
1.3950864211388082E-008
2.9873921474527668E-008
1.2830649168879306E-008
2.7465119911172499E-008
1.1997708844279204E-008
2.5456273103769177E-008
1.1505067284178339E-008
2.4105182320039092E-008
1.1370277177670080E-008
2.3514047569348118E-008
1.1512068938271901E-008
2.3493211888007900E-008
1.1728860984222148E-008
2.3626519697800803E-008
1.1791628376485746E-008
2.3510987882035903E-008
1.1562698916059894E-008
2.2936220708956586E-008
1.1038235840986832E-008
2.1905678387125243E-008
1.0312998276809562E-008
2.0562689679919134E-008
9.5190870787129722E-009
9.5190870787129722E-009
9.5190870787129722E-009
9.5190870787129722E-009
9.5190870787129722E-009
9.5190870787129722E-009
1.0575159426815490E-002
3.3369030775161959E-008
4.0659288994306801E-006
5.3580312482844548E-008
1.9676428870470470E-006
7.5386458034485363E-008
5.5274609389982283E-007
2.3180021566241376E-008
3.2193730983675215E-007
2.6211841349087026E-008
1.9097327433748798E-007
1.9118599723155661E-008
1.5858839092708360E-007
3.1530193192481293E-008
1.3747121036149235E-007
4.1990292463003205E-008
1.1820364276641239E-007
4.2119867398119584E-008
1.0628664472791620E-007
4.2367166941461727E-008
9.5520298316367805E-008
4.0342021611585821E-008
7.9610974622637729E-008
3.6400832325632171E-008
7.1920324047780926E-008
3.8287672964107809E-008
8.0029867408657388E-008
4.2934602523735168E-008
9.0641993413827250E-008
4.3648833173656616E-008
9.3788648129942041E-008
3.9492814207077918E-008
9.0726679014559784E-008
3.4084601603000352E-008
8.5759935660854309E-008
2.9918264570493143E-008
8.0021375054784618E-008
2.7158948298446042E-008
7.3624095612815842E-008
2.5617192588524744E-008
6.7433943471688387E-008
2.5113476147929574E-008
6.1629045027746860E-008
2.4894142180004341E-008
5.5648530481910276E-008
2.4230573150095171E-008
4.9889938246969236E-008
2.3425796508370463E-008
4.6143129756748635E-008
2.3365406969314109E-008
4.5544364855216488E-008
2.3973392871731751E-008
4.6861287521704395E-008
2.4214697130360308E-008
4.8033561382078365E-008
2.3417761126099706E-008
4.8014241061100453E-008
2.1688571713128892E-008
4.6809178208581072E-008
1.9556052997943629E-008
4.4926296500324564E-008
1.7609826365495604E-008
4.2918830411887400E-008
1.6254875583170407E-008
4.1056680589743426E-008
1.5578482308844604E-008
3.9205013169434178E-008
1.5343161410502827E-008
3.6925754589227905E-008
1.5087326262255435E-008
3.3757246259831064E-008
1.4371492106392553E-008
2.9711604025842162E-008
1.3212970975464800E-008
2.5851698686274457E-008
1.2370574338074820E-008
2.4032425132214133E-008
1.2592817846118253E-008
2.4851008820993994E-008
1.3428073659805611E-008
2.6726304484053824E-008
1.3892385309403599E-008
2.8017271429270556E-008
1.3578901556449889E-008
2.8185455312454708E-008
1.2669486450236588E-008
2.7421712354836620E-008
1.1549748252292419E-008
2.6109442264895321E-008
1.0531508257992344E-008
2.4528529257043675E-008
9.7436393555039451E-009
9.7436393555039451E-009
9.7436393555039451E-009
9.7436393555039451E-009
9.7436393555039451E-009
9.7436393555039451E-009
1.0575159914998319E-002
2.3200057675523063E-008
2.8883055227445592E-006
3.9142640297712949E-008
1.4703051762014162E-006
4.4268324912819700E-008
3.5722229339737706E-007
1.7077350686911037E-008
2.1548191781744327E-007
1.5226156858480532E-008
1.1871555395065373E-007
1.2222524477059635E-008
1.0276087273246714E-007
2.1866278713336398E-008
8.4315775009433541E-008
2.7391677733168526E-008
7.4765333598942938E-008
2.8431456960134962E-008
7.0453331458102879E-008
2.9349244102528301E-008
6.3870203408672708E-008
2.7352423582291200E-008
5.2649064418618748E-008
2.4156156751656731E-008
4.7373802152014364E-008
2.5409123593860731E-008
5.2946101927522834E-008
2.8640668463013714E-008
6.0231153493383051E-008
2.9235227727311480E-008
6.2863758709916215E-008
2.6788523281966051E-008
6.1568964506405346E-008
2.3488878148397946E-008
5.8538109477245556E-008
2.0724590055524376E-008
5.4468964525922682E-008
1.8741675858091312E-008
4.9870749077113853E-008
1.7602200917680324E-008
4.5452885012148739E-008
1.7165761832575051E-008
4.1354833401344326E-008
1.6966807407155143E-008
3.7519409845456243E-008
1.6729795912707735E-008
3.4476602865811030E-008
1.6672004260666303E-008
3.2993144030825391E-008
1.6967759994921035E-008
3.2967841872375042E-008
1.7255856389352855E-008
3.3406317446798875E-008
1.7045142121813585E-008
3.3447275439100940E-008
1.6196939563024266E-008
3.2799815158689260E-008
1.4880926412404059E-008
3.1549931296414193E-008
1.3388136196453709E-008
2.9961025001324360E-008
1.2021900880175326E-008
2.8328087374369334E-008
1.1006014989483930E-008
2.6828717853364211E-008
1.0411528942056845E-008
2.5445854058702918E-008
1.0141525904421552E-008
2.4001548626699505E-008
9.9783822014259927E-009
9.9783822014259927E-009
9.9783822014259927E-009
9.9783822014259927E-009
9.9783822014259927E-009
1.0575213348698837E-002
1.8545609838360922E-008
2.1727405879073967E-006
2.6095774171295577E-008
1.0372706564095790E-006
3.3247791591363381E-008
2.8048295258402699E-007
1.5829914480161050E-008
1.9372463236395842E-007
1.3098583246650465E-008
1.1098869073520679E-007
1.1475610275791493E-008
9.8656006096040528E-008
1.8857535334875630E-008
7.5002133193936549E-008
2.1948377574068014E-008
6.4693134206329912E-008
2.3261602291929970E-008
6.0932281387774614E-008
2.4217616806438346E-008
5.4043687623766292E-008
2.2223183575334088E-008
4.3972707997268066E-008
1.9992219517270747E-008
4.0298554146033707E-008
2.1764737473451781E-008
4.5509859001611460E-008
2.4528336325738892E-008
5.1148280237617351E-008
2.4601852900479135E-008
5.2873931281309325E-008
2.2310912614612065E-008
5.1695652681471758E-008
1.9426607291764191E-008
4.9068556880669835E-008
1.6920747513949286E-008
4.5642851113969358E-008
1.5130233969759487E-008
4.2094032773273831E-008
1.4212055446477948E-008
3.8932784734944190E-008
1.4008076225962566E-008
3.6059406991955225E-008
1.4059788638495522E-008
3.3141358378623093E-008
1.3959069969241582E-008
3.0183050504712313E-008
1.3653584763115295E-008
2.7755571561408404E-008
1.3450318654449257E-008
2.6612475909810532E-008
1.3549854441070989E-008
2.6740743963530029E-008
1.3647818984424663E-008
2.7260736467587949E-008
1.3313135058375775E-008
2.7366448453626988E-008
1.2438593365819960E-008
2.6815211296948959E-008
1.1235626070875656E-008
2.5784108102097036E-008
1.0031807845183189E-008
2.4574308751276794E-008
9.0919310746590415E-009
9.0919310746590415E-009
9.0919310746590415E-009
9.0919310746590415E-009
9.0919310746590415E-009
1.0575242731133278E-002
1.2729772360413782E-008
1.5279592956010750E-006
1.9172472859602112E-008
7.5495514844879194E-007
2.2072363064871971E-008
1.9057167134081442E-007
1.1197339270124387E-008
1.3208980073182789E-007
8.6577662359412809E-009
8.6577662359412809E-009
8.6577662359412809E-009
8.6577662359412809E-009
8.6577662359412809E-009
1.0575238567639983E-002
9.1633320690682699E-009
8.5144161403001735E-007
5.1963718121527659E-008
2.6766980887483607E-007
3.1414908796561944E-008
2.5816730685983803E-007
8.3444374870177100E-008
2.1738559203494539E-007
3.7380082595398584E-008
2.4520085739468933E-008
6.6408200388646899E-008
2.9299842667537302E-008
6.1438033465641617E-008
1.9740562914955597E-008
3.9316779529699604E-008
3.4296383285135620E-008
3.1041575937551912E-008
2.2597554145994693E-008
7.8474185121476851E-009
7.8474185121476851E-009
7.8474185121476851E-009
7.8474185121476851E-009
7.8474185121476851E-009
1.0575268430933744E-002
5.7663202912353875E-009
5.1254579240060153E-007
5.4413534381680951E-008
1.3570246799818177E-007
3.8662280127035899E-008
2.2932228185382349E-008
1.3186517116984459E-007
2.5557287049406837E-008
2.6755850534946894E-008
4.3980562039225349E-008
2.9528452588603317E-008
3.9838112800230325E-008
1.3846041229211882E-008
1.5466855159230758E-008
2.5290192595667210E-008
1.3034088621805195E-008
2.9949745534351583E-008
1.6683905672689167E-008
5.3116010918605286E-008
1.2502334500438997E-008
3.2885281998828365E-008
7.3288838403281684E-009
2.2303699981847369E-008
4.1683177473856188E-009
4.1683177473856188E-009
4.1683177473856188E-009
4.1683177473856188E-009
1.0575263825141429E-002
3.5244619585503115E-009
4.1015396243140889E-007
2.0933949781797161E-008
1.4099422255268408E-007
1.2173248872988170E-008
6.0257127191836067E-008
1.4302714771150128E-008
1.1949770278964425E-008
1.3228271925004156E-008
8.4103461514983773E-009
1.0580214226022521E-008
1.0523701939801797E-008
1.5822383993251220E-008
1.1831972149040710E-008
1.1727674639089186E-008
1.1761005357236938E-008
8.6965403226193539E-009
5.5552904647593141E-009
5.5552904647593141E-009
5.5552904647593141E-009
5.5552904647593141E-009
1.0575276146907208E-002
2.3201104750020794E-009
3.2708667379028682E-007
7.9281176544560883E-009
7.9281176544560883E-009
7.9281176544560883E-009
7.9281176544560883E-009
1.0575248123893977E-002
6.8305967066962956E-009
1.0033512717296331E-007
1.1162466928445084E-008
1.1297634050351880E-007
3.0065786792810025E-008
9.5619294026439695E-008
3.1848913708604356E-008
6.7949142496900557E-008
2.1516713870767745E-008
4.6108112371949129E-008
9.1658301276380891E-009
3.0587690849791260E-008
3.0590234026171505E-009
3.0590234026171505E-009
3.0590234026171505E-009
3.0590234026171505E-009
1.0575296958069118E-002
2.8505403476791066E-009
1.8578697875168112E-007
6.4873256523549411E-009
