-303.7445382344864
-303.9212053434736
-304.0004799982894
-304.0076882253174
-304.0142388107414
-304.0351954481034
-304.0869390475835
-304.1295977711097
-304.1643778438951
-304.2024212141249
-304.2197879436189
-304.2359421912786
-304.2521363477800
-304.2564473240380
-304.2615857955442
-304.2673952924246
-304.2688413475476
-304.2692177421079
-304.2699937505218
-304.2705141583537
-304.2707186672527
-304.2708657502450
-304.2715421497119
-304.2718002038866
-304.2718977501535
-304.2719901589645
-304.2720481604241
-304.2720787427692
-304.2721569144612
-304.2721875111081
-304.2722021322379
-304.2722103555856
-304.2722345743709
-304.2722550450577
-304.2722921332885
-304.2723039764318
-304.2723105949569
-304.2723137801061
-304.2723262837011
-304.2723345964957
-304.2723380183368
-304.2723396208569
-304.2723498429988
-304.2723540663798
-304.2723609272501
-304.2723687872930
-304.2723767298692
-304.2723794774972
-304.2723832575564
-304.2723852993927
-304.2723868390041
-304.2723879900815
-304.2723906397881
-304.2723936635629
-304.2723969418578
-304.2723973159007
-304.2723984807905
-304.2723991956862
-304.2724000379789
-304.2724003029836
-304.2724010338539
-304.2724014085559
-304.2724015710966
-304.2724016049200
-304.2724017398766
-304.2724019570705
-304.2724020220042
-304.2724020443189
-304.2724021139716
-304.2724022769360
-304.2724023509051
-304.2724024240645
-304.2724024634927
-304.2724025012898
-304.2724026691007
-304.2724028135265
-304.2724030380634
-304.2724032788142
-304.2724039217385
-304.2724039702576
-304.2724040468983
-304.2724041608823
-304.2724042255008
-304.2724042489159
-304.2724042989632
-304.2724043147013
-304.2724043206755
-304.2724043261981
-304.2724043352649
-304.2724043474010
-304.2724043611254
-304.2724043638519
-304.2724043726519
-304.2724043762800
-304.2724043794784
-304.2724043804009
-304.2724043850829
-304.2724043868959
-304.2724043894248
-304.2724043904964
-304.2724043933871
-304.2724043948535
-304.2724043994718
-304.2724044013941
-304.2724044034890
-304.2724044058713
-304.2724044108180
-304.2724044119903
-304.2724044129387
-304.2724044140743
-304.2724044160065
-304.2724044167585
-304.2724044192439
-304.2724044215416
-304.2724044229059
-304.2724044232423
-304.2724044251145
-304.2724044261586
-304.2724044266465
-304.2724044267795
-304.2724044270139
-304.2724044273251
-304.2724044276511
-304.2724044278842
-304.2724044281603
-304.2724044283257
-304.2724044286198
-304.2724044287885
-304.2724044288661
-304.2724044289664
-304.2724044291612
-304.2724044293811
-304.2724044295914
-304.2724044297210
-304.2724044298328
-304.2724044298785
-304.2724044299121
-304.2724044299439
-304.2724044299794
-304.2724044299940
-304.2724044300189
-304.2724044300547
-304.2724044301621
-304.2724044302153
-304.2724044302267
-304.2724044302456
-304.2724044302665
-304.2724044302827
-304.2724044303076
-304.2724044303172
-304.2724044303281
-304.2724044303355
-304.2724044303527
-304.2724044303543
-304.2724044303623
-304.2724044303749
-304.2724044303787
-304.2724044303846
-304.2724044303875
-304.2724044303988
-304.2724044304074
-304.2724044304117
-304.2724044304100
-304.2724044304166
-304.2724044304209
-304.2724044304217
-304.2724044304236
-304.2724044304196
-304.2724044304264
-304.2724044304295
-304.2724044304295
-304.2724044304299
-304.2724044304240
-304.2724044304309
-304.2724044304326
-304.2724044304305
-304.2724044304332
-304.2724044304335
