0.000000000000000
0.000000000000000
0.000000000000000
0.000000000000000
0.000000000000000
0.000000000000000
0.000000000000000
0.000000000000000
0.000000000000000
0.000000000000000
0.000000000000000
0.000000000000000
9.4317088967742820E-003
8.9044083139682862E-003
0.1234171338206245
2.9166826614708104E-002
9.1386723313833060E-002
8.4498063496844557E-003
2.4879732882100922E-002
9.8607074689510774E-004
6.4731240280255778E-003
2.2066399729671294E-003
2.5109290971475056E-003
2.5639333727271718E-004
2.4739366272658100E-003
3.6808665495399149E-004
6.9212568866248048E-004
7.4295555099965454E-004
5.3931595294812867E-004
3.0207094153208221E-004
2.2452646531302884E-004
3.7711217968875062E-004
8.8860222195761789E-005
4.3925568403944645E-004
1.2091344521957732E-004
9.3205664076550436E-005
1.6636376822400792E-004
3.2124688171821983E-005
8.6042055758487915E-005
2.5403486374465290E-005
4.8689710665807764E-005
2.8154054719515193E-005
4.9194620397703456E-005
4.7472808879013848E-005
2.7533873109536282E-005
6.3525399099881750E-005
1.5923178609472827E-005
1.6215948041513515E-005
1.7183680343711779E-005
3.4532026480402995E-005
4.1100621597892724E-006
7.1902974879410082E-006
4.8841783314394983E-006
6.5693050177794192E-006
6.7934710761647894E-006
4.2916127195448326E-006
6.4213694969555154E-006
1.2147684512672078E-006
2.1744208016005661E-006
6.5496362253286568E-006
7.5029531183073217E-006
2.2757255913328436E-006
3.4231096014210269E-006
2.6358339432359408E-006
2.6606882845857945E-006
3.2315975297520868E-006
1.7611788158882041E-006
3.4162590822431681E-006
5.3997605777605909E-007
1.1804047906956747E-006
1.7461226613901222E-006
1.5083926314422836E-006
7.0231719075431516E-007
1.3016159042756930E-006
6.2396666375552444E-007
9.1456468597627843E-007
7.5467244597025469E-007
5.4135130448473830E-007
6.3736729701414914E-007
1.9298654300974569E-007
5.0227159951042347E-007
9.3051839025663037E-007
5.5731222756280663E-007
4.7096473910392836E-007
4.5135050013276293E-007
2.4038518119689158E-007
3.0058178593071692E-007
3.4238970651180550E-007
1.8996898498888571E-007
3.1003765041816295E-007
1.4543722722353531E-007
3.0683619057244240E-007
3.8004790119028974E-007
2.0340579478453106E-007
1.9043888741768472E-007
1.7587782994890901E-007
9.9384409468021239E-008
8.2333486220946271E-008
8.6862496822990936E-008
8.5927039372798955E-008
1.0022618460596403E-007
7.3049359021225190E-008
1.6534835372073207E-007
1.3355547313468819E-007
5.3090240517305505E-008
7.9586277557448709E-008
7.4456231272078993E-008
5.9975143904753434E-008
4.5311506501674034E-008
5.2567293342162798E-008
5.5520582622611876E-008
3.3387397153545597E-008
2.8508503521447112E-008
4.0489917303792685E-008
4.0938712956174752E-008
3.1921384955874850E-008
3.0194880531077232E-008
3.4570228815323664E-008
4.3254538380834514E-008
2.3712656931960019E-008
3.4043067270237041E-008
4.6912345805337880E-008
2.5022811178906786E-008
1.3463527152114626E-008
1.5939234071254903E-008
1.3613718460435711E-008
1.5997890612922295E-008
1.7575268535104028E-008
1.2568213650071834E-008
1.2939923502814537E-008
7.6650996245593164E-009
7.6650996245593164E-009
7.6650996245593164E-009
7.6650996245593164E-009
7.6650996245593164E-009
7.6650996245593164E-009
7.6650996245593164E-009
7.6650996245593164E-009
7.6650996245593164E-009
7.6650996245593164E-009
9.3294314108131993E-006
9.2023175452918676E-006
6.8124594480940164E-004
3.2825768814100753E-005
2.1943785233437076E-004
2.5117799305406880E-005
3.2013520176860550E-004
9.1827625000445068E-006
4.7610842821605394E-005
2.1794364906502948E-005
1.1342990077311883E-005
5.2878742165092529E-005
5.2839882679298732E-006
5.7250683718507492E-005
3.7486681922596427E-006
1.0082856476273900E-005
1.5387645557487787E-005
5.8883469432680018E-006
2.2888099779791113E-006
1.4094169872576982E-005
4.4878055193745314E-007
3.2234370079514933E-006
1.1043893572749397E-006
1.4262296736591765E-006
1.0659454446274104E-006
1.9617521683640087E-006
1.2132196050834592E-006
7.3987242011785321E-007
3.5540485334549219E-006
1.8147547824001651E-006
3.2610220717628773E-007
3.0062257543223025E-006
1.9651793936646084E-007
4.3207397832665768E-007
2.2514728731391799E-007
4.4861882301571809E-007
4.4299194512166531E-007
5.8971658912240005E-007
1.6852240851903927E-007
8.3766496764395046E-007
3.5406111401067595E-007
1.6061598038624604E-007
2.6621320985449350E-007
2.0387193554629958E-007
3.3671488094932739E-007
1.5443044834981193E-007
3.3755357095965798E-007
1.6105200091023228E-007
1.5942421138712742E-007
7.6429471351868078E-008
1.5174832996334761E-007
5.1005289327771067E-008
5.0011497617381861E-008
4.5616833858393962E-008
1.1799903321809266E-007
1.0013639285156785E-007
5.6290850734330346E-008
5.0822528326094985E-008
4.1228610296110132E-008
3.0088338712028938E-008
2.5214630754622217E-008
7.9648091807000779E-008
4.9557076092796148E-008
3.6191773771837923E-008
3.4720652936145140E-008
3.7906238933485317E-008
2.3588640508899037E-008
1.1681345634735109E-008
9.8032822662937739E-009
9.8032822662937739E-009
9.8032822662937739E-009
9.8032822662937739E-009
9.8032822662937739E-009
9.8032822662937739E-009
9.8032822662937739E-009
9.8032822662937739E-009
9.8032822662937739E-009
1.4986265933725272E-006
1.4591671904301220E-006
1.4277842589165306E-004
4.4373756147542633E-006
7.0265657103739238E-005
1.6477422101825476E-005
1.9731251167102925E-005
5.1614644976544027E-005
5.7477831211206329E-007
9.0315533448033246E-006
2.1356326052125188E-006
3.0637606600444995E-006
2.4032087514800312E-006
3.7566478367939376E-006
1.4942527277958039E-006
7.1243691822258403E-006
1.6307373288825308E-006
1.2964356476933283E-006
4.2644050172529123E-006
1.7905944757623103E-007
1.2472811515818526E-006
1.9368144100741393E-007
1.6811367652142266E-006
2.0309042793623554E-007
8.1378244799042303E-007
2.0696202334084712E-007
4.5660707825154406E-007
5.6012088536236143E-007
1.3853310330586393E-007
1.7988141561666176E-007
2.4188928209002223E-007
1.8051220281574412E-007
1.7283204096665079E-007
9.1911791265979310E-008
2.3083675779772524E-007
5.6682792404409875E-007
2.4273563690187839E-008
4.3775004652768974E-007
1.1122347178472273E-007
1.0004366761565023E-007
4.9220371525606326E-008
5.4996394214555535E-008
5.7250324254925667E-008
2.1431987096238003E-008
1.6746599974274384E-008
2.5188231216046031E-008
3.4433052848995448E-008
1.4726450302702927E-008
2.1227019893859233E-008
2.0068475279399202E-008
4.6414034395983514E-008
1.4551234395894206E-008
2.2281462920740485E-008
3.7865580031577516E-008
2.2488283376921367E-008
1.1213503644945154E-008
2.3560925088664276E-008
3.6956293123886213E-008
8.6944099658832814E-009
8.6944099658832814E-009
8.6944099658832814E-009
8.6944099658832814E-009
8.6944099658832814E-009
8.6944099658832814E-009
8.6944099658832814E-009
8.6944099658832814E-009
8.6944099658832814E-009
7.7877216226560305E-007
7.5872970657893305E-007
7.6392430689338858E-005
1.9230264089416632E-006
5.5393916055930719E-005
6.6779296366576749E-006
8.8670062625912231E-006
1.2042042992051865E-005
3.5654035459823253E-007
6.0745237782556325E-006
1.3304082494987105E-006
1.7421349448889396E-006
2.1390046831155200E-006
2.3768223812638800E-006
3.7217341240357861E-007
4.4513425307482892E-006
2.7730097435579001E-007
6.5438503635514119E-007
8.4297707418495332E-007
7.7400505660978542E-007
1.4543205669158913E-007
1.4546856653727868E-006
5.5007610503020779E-008
5.4689199862439128E-007
5.3266037080150046E-008
8.3179440881759327E-008
9.9587703901873327E-008
1.2093048258224337E-007
1.0148717230499187E-007
1.0986713495296707E-007
4.5218237659945135E-008
5.8079406131123530E-008
6.4665517439745281E-008
1.9532112510791054E-008
3.0301517737788273E-008
7.7093526141803351E-008
8.9402898537247823E-008
1.1953369530288566E-008
3.7842359988195515E-008
1.8943354020404686E-008
2.1585317593917059E-008
1.3623917826482525E-008
2.5071573008952507E-008
1.5526850757169219E-008
1.4280018115251310E-008
4.7658487990186255E-009
4.7658487990186255E-009
4.7658487990186255E-009
4.7658487990186255E-009
4.7658487990186255E-009
4.7658487990186255E-009
4.7658487990186255E-009
4.7658487990186255E-009
4.6597697412817644E-007
4.5460825683609414E-007
4.7203176740920641E-005
1.0477948305638769E-006
3.4224208259523711E-005
3.2256882875823371E-006
5.0796990796617932E-006
3.7607768660254735E-006
1.0526329673087805E-006
5.4354468290079858E-006
5.2690601826658520E-007
6.7399607903061890E-006
2.4338999276025541E-007
3.4983363623435248E-006
2.0364835367404937E-007
1.7724279595101263E-006
5.0842989346034461E-007
8.2071940545075051E-007
7.6990844994915863E-007
6.4058156230197729E-007
3.7743219146727999E-007
2.5185798961186790E-007
4.7523083624515385E-007
5.9738721563342742E-007
8.4786680147287713E-007
1.8754855755575996E-008
7.1380958636003547E-007
9.7814092366357083E-008
3.1125299500902841E-008
1.6768908248524055E-007
3.3630180498752867E-008
1.7014228971790638E-007
3.4644470368522681E-008
2.0580265765729753E-008
2.2505717161662801E-008
4.4210231856398433E-008
1.1319697303734161E-008
4.2385167788750359E-008
2.7369457321046651E-008
6.3827347074471727E-008
2.6782402406414826E-008
9.6502023763192257E-009
9.6502023763192257E-009
9.6502023763192257E-009
9.6502023763192257E-009
9.6502023763192257E-009
9.6502023763192257E-009
9.6502023763192257E-009
9.6502023763192257E-009
2.9349344192220792E-007
2.8668823013330405E-007
3.0950360599401793E-005
6.0809345833627974E-007
2.0610680379143315E-005
2.0882779108067499E-006
3.3257351693225749E-006
2.3069142282610888E-006
6.5729036417968759E-007
3.5519473522873369E-006
3.1520720782324546E-007
4.0056896646712281E-006
4.6426061479134382E-007
1.1717200268775028E-006
1.2643576942975457E-006
2.8635886416793967E-007
1.2045258177930215E-006
1.0127367051526650E-007
9.8538038344368032E-007
4.5254262704797567E-008
8.4276524357863449E-007
6.2282674914098248E-008
1.6397294972230706E-007
1.3896115858831548E-007
2.7255755674301775E-007
4.2636692007814442E-008
6.9633725052117429E-008
1.0014453504140484E-007
2.4120494646189483E-008
2.0307249617882733E-008
3.0951342194520183E-008
2.3478124854660661E-008
1.1172461830259173E-007
6.4579023535450332E-008
1.2502099443740400E-008
3.0228219115212215E-008
4.4082058512916607E-009
4.4082058512916607E-009
4.4082058512916607E-009
4.4082058512916607E-009
4.4082058512916607E-009
4.4082058512916607E-009
4.4082058512916607E-009
1.9311389159610094E-007
1.8882449012109368E-007
2.1173836811552698E-005
3.6924033892559880E-007
1.3352164263886861E-005
1.3743108159070470E-006
2.2521060970497916E-006
1.4513430500075592E-006
4.5385059061503674E-007
2.3506521269727928E-006
1.9970125256577792E-007
2.3839731029335506E-006
4.4235712100623891E-007
5.8047808452928135E-007
1.0507542033129047E-006
1.2693947175353518E-007
7.7272309023555948E-007
9.6557495895604336E-008
3.1975420440437463E-007
2.6129890508091890E-007
4.2620811848260719E-007
3.3258315985303886E-008
4.7700664405608810E-007
2.4953311920770714E-008
1.9797299311924508E-007
5.2808541311503046E-008
1.0016481740161768E-007
3.0462247364510704E-008
2.5998516698527572E-008
1.5798117222966257E-008
2.4544791014412866E-008
1.9749892574483212E-008
1.5889519427807636E-008
1.2931968815316261E-008
3.2693289818036511E-008
7.2977862384019800E-008
1.7745355202047062E-008
1.4649702602291515E-008
1.2781057782201096E-008
1.1418879508401380E-008
8.9993354882539917E-009
8.9993354882539917E-009
8.9993354882539917E-009
8.9993354882539917E-009
8.9993354882539917E-009
8.9993354882539917E-009
8.9993354882539917E-009
1.3128557098784074E-007
1.2847692324065607E-007
1.4906070688011030E-005
2.3530987480316426E-007
9.4019359483107909E-006
8.4747411575902586E-007
1.4823402848661736E-006
1.1426162476892392E-006
5.2802022370151867E-007
1.1924322172614050E-007
9.8797145601287481E-007
1.1424719230956408E-007
3.0707566911807129E-007
5.2152538322958073E-007
6.7039756740306199E-008
2.4824582368779616E-007
2.1586132447235598E-007
2.8493207106476319E-008
1.6222422749460857E-007
2.2373002234971498E-008
1.2335145640280995E-007
7.8683603481092020E-009
7.8683603481092020E-009
7.8683603481092020E-009
7.8683603481092020E-009
7.8683603481092020E-009
7.8683603481092020E-009
7.8683603481092020E-009
9.2803894717386628E-008
9.0887694314657151E-008
1.0757410822929802E-005
1.5388207267705434E-007
6.6016983101602619E-006
5.4763853565209316E-007
1.0779731232424605E-006
5.7127065478891928E-007
2.7240925072899310E-007
9.9443306553160841E-007
8.6879277136253818E-008
9.6666019048533739E-007
1.2248390480558251E-007
4.3093489515712242E-007
2.8830362177903734E-007
9.4895686347524387E-008
2.6615586019363910E-007
2.0628224403824737E-008
1.3754404571168310E-007
5.1358504894236569E-008
9.4967686268357871E-008
1.3503483956381471E-007
9.1263631049624038E-009
9.1263631049624038E-009
9.1263631049624038E-009
9.1263631049624038E-009
9.1263631049624038E-009
9.1263631049624038E-009
6.7427187300284207E-008
6.5961997989323479E-008
7.8804758003997501E-006
1.1422628226360633E-007
3.6323069235739188E-006
7.2119121795425131E-007
9.7220604700835450E-007
1.0838926668430771E-006
1.0091199193698600E-007
1.6778956267777424E-007
4.1850198522078194E-007
1.2955670207564010E-007
1.2343318141042300E-007
1.7379641773860824E-008
1.9503544253823199E-007
5.1241870780026687E-008
4.7955212429383404E-008
6.7551290810613919E-008
9.7205864224903407E-008
2.4748114345869120E-008
2.2987877431885580E-008
2.2966714300356561E-008
2.4481857825817549E-008
5.4228732126965331E-008
6.7912513442921991E-009
6.7912513442921991E-009
6.7912513442921991E-009
6.7912513442921991E-009
6.7912513442921991E-009
6.7912513442921991E-009
4.6425242307894681E-008
4.5484266351163777E-008
5.5524346373075269E-006
7.5520851277727698E-008
3.5645851987824035E-006
2.0063928284890909E-007
5.4081002277829401E-007
6.1262546573600473E-008
2.1556913954306074E-007
1.5894252457375115E-007
4.7450724860705883E-008
7.9550706308180352E-008
2.8692681929619037E-007
9.1116106554533453E-009
9.1116106554533453E-009
9.1116106554533453E-009
9.1116106554533453E-009
9.1116106554533453E-009
2.9981832027925574E-008
2.9492092194760936E-008
3.6300968066699275E-006
4.3309983995578061E-008
1.3303092689270743E-006
2.7483580279300094E-007
4.5371549228323190E-007
6.4946559149007992E-007
1.6467723492535378E-007
1.2777438863018887E-008
9.4007530654004084E-008
2.6537111146792167E-008
9.7261131019285192E-008
3.5633479566092874E-008
3.2217088024470628E-008
1.5986937612471385E-008
9.5094768784450524E-008
4.6412481262526129E-009
4.6412481262526129E-009
4.6412481262526129E-009
4.6412481262526129E-009
4.6412481262526129E-009
2.3556825845015696E-008
2.3103545116524328E-008
2.8443662271704567E-006
3.6767114756487929E-008
1.1441000326715827E-006
2.0358199692195215E-007
3.6138441001497632E-007
1.7430293069509615E-007
2.9522617508182922E-008
3.2799454702730330E-007
2.7964379573944529E-008
2.2987504386161577E-007
7.2774044087033245E-008
1.1547505418798662E-007
2.2977549640546253E-007
1.6359535273514641E-008
8.2019527427615340E-008
9.2636176100951454E-009
9.2636176100951454E-009
9.2636176100951454E-009
9.2636176100951454E-009
9.2636176100951454E-009
1.8455207031073743E-008
1.8039977814946748E-008
2.1817904712121727E-006
2.9764131155826269E-008
1.0789429311026637E-006
2.1723148203872976E-007
1.9169859516845303E-007
1.9396084593743685E-007
2.6512555826234537E-008
1.6474399961732437E-007
2.3377722866764603E-008
5.9649880547472026E-008
3.3941324815150330E-009
3.3941324815150330E-009
3.3941324815150330E-009
3.3941324815150330E-009
1.1952983025172650E-008
1.1731195840273941E-008
1.4257266294144097E-006
1.9952891659636392E-008
3.0080335389281194E-007
1.2009031342276456E-007
1.8237715575261334E-007
1.1243340926209099E-007
2.5260514530068762E-008
1.9425153690809880E-007
1.7450706640631974E-007
7.5346021322537602E-008
2.6806273287032192E-008
1.3115081308214439E-008
2.9404066607177702E-008
1.6740441337388302E-009
1.6740441337388302E-009
1.6740441337388302E-009
1.6740441337388302E-009
8.8844105362800810E-009
8.7105025750077234E-009
8.7105025750077234E-009
8.7105025750077234E-009
8.6316007669129071E-009
