-303.744538234484310
-303.917043501032254
-303.967253023069759
-303.996364455713262
-303.996432992609357
-303.996445268610842
-303.996447123158873
-303.996447162289883
-303.996447163738708
-303.996447163826815
-303.996447163832613
-303.996447163834091
-304.000784823186279
-304.004998379196877
-304.066712451909495
-304.084737306825559
-304.174955759042064
-304.188168493908734
-304.242595844029381
-304.245895041610822
-304.264372909539929
-304.266557789516924
-304.268216202287647
-304.268288978751627
-304.269553036850766
-304.269632427100646
-304.269989803272722
-304.270132264277549
-304.270211574355187
-304.270239225423836
-304.270250559360704
-304.270264012094799
-304.270267871497197
-304.270287150341630
-304.270290327308999
-304.270292760891948
-304.270296703102417
-304.270297533399855
-304.270299482408120
-304.270300409827030
-304.270301881903833
-304.270302293116970
-304.270303215903937
-304.270303750005439
-304.270304003532260
-304.270304417491900
-304.270304510499045
-304.270304610319840
-304.270304697907306
-304.270304798796872
-304.270304810565278
-304.270304839999881
-304.270304855658765
-304.270304883906817
-304.270304901922145
-304.270304913515133
-304.270304927989457
-304.270304931709461
-304.270304935475906
-304.270304946779333
-304.270304955215011
-304.270304957018823
-304.270304958751467
-304.270304959831265
-304.270304961445049
-304.270304962499551
-304.270304963323952
-304.270304965309606
-304.270304965589787
-304.270304966117919
-304.270304967008542
-304.270304967687139
-304.270304968096298
-304.270304968787968
-304.270304969029553
-304.270304969538472
-304.270304969847587
-304.270304970063137
-304.270304970338714
-304.270304970465986
-304.270304970799998
-304.270304971256110
-304.270304971357291
-304.270304971451935
-304.270304971537712
-304.270304971564940
-304.270304971619225
-304.270304971665894
-304.270304971700057
-304.270304971730525
-304.270304971742235
-304.270304971765540
-304.270304971779296
-304.270304971783730
-304.270304971792712
-304.270304971803057
-304.270304971807718
-304.270304971815619
-304.270304971822895
-304.270304971835174
-304.270304971849953
-304.270304971857001
-304.270304971868200
-304.270304971875987
-304.270304971878545
-304.270304971884002
-304.270304971887981
-304.270304971891335
-304.270304971894348
-304.270304971896280
-304.270304971898383
-304.270304971899407
-304.270304971900373
-304.270304971901112
-304.270304971902590
-304.270304971903329
-304.270304971904011
-304.270304971904636
-304.270304971904864
-304.270304971905091
-304.270304971905091
-304.270304971905830
-304.270304971906114
-304.270304971906967
-304.270304971906853
-304.270304971906683
-304.270304971906455
-304.270304971907194
-304.270304971907365
-304.270304971907194
-304.270304971907308
-304.272086966764903
-304.272131948535105
-304.272136033165850
-304.272136851739560
-304.272136927082613
-304.272136929035582
-304.272136929280009
-304.272136929304963
-304.272136929673593
-304.272140711223471
-304.272144403991092
-304.272297569933130
-304.272299138317749
-304.272304669276480
-304.272305009139586
-304.272310346523909
-304.272310521702877
-304.272311654316638
-304.272311758061278
-304.272311885412819
-304.272313092671425
-304.272313155008646
-304.272313532120108
-304.272313550713648
-304.272313590768817
-304.272313618257442
-304.272313622500235
-304.272313626786115
-304.272313657465702
-304.272313658223766
-304.272313662236343
-304.272313663195121
-304.272313663865532
-304.272313664387809
-304.272313665173613
-304.272313665836805
-304.272313666314972
-304.272313668649758
-304.272313669699940
-304.272313669867003
-304.272313670826918
-304.272313670878134
-304.272313671081179
-304.272313671169570
-304.272313671297752
-304.272313671377390
-304.272313671491759
-304.272313671531322
-304.272313671700488
-304.272313671743973
-304.272313671757843
-304.272313671776885
-304.272313671802806
-304.272313671825657
-304.272313671840095
-304.272313671856921
-304.272313671858910
-304.272313671860047
-304.272313671861127
-304.272313671863628
-304.272313671864424
-304.272313671865504
-304.272313671867266
-304.272313671873349
-304.272313671876304
-304.272313671878351
-304.272313671879544
-304.272313671880511
-304.272313671880568
-304.272313671881363
-304.272313671881705
-304.272313671882443
-304.272313671883580
-304.272313671883694
-304.272313671884604
-304.272313671885115
-304.272313671885513
-304.272313671885513
-304.272355363261568
-304.272356928247177
-304.272357384997349
-304.272357412407757
-304.272357414275177
-304.272357414509997
-304.272357414529608
-304.272357414663077
-304.272357749053697
-304.272358077565855
-304.272376288595183
-304.272376383945755
-304.272377170154243
-304.272377179407783
-304.272377100487518
-304.272377759063090
-304.272377763996644
-304.272377805358076
-304.272377807686325
-304.272377816559640
-304.272377825933120
-304.272377839092883
-304.272377843139111
-304.272377862479573
-304.272377865052306
-304.272377866908869
-304.272377872975312
-304.272377873244352
-304.272377875266272
-304.272377875512461
-304.272377876856240
-304.272377876990959
-304.272377877519546
-304.272377877627775
-304.272377877919723
-304.272377878098496
-304.272377878123621
-304.272377878155908
-304.272377878172279
-304.272377878173245
-304.272377878185466
-304.272377878202803
-304.272377878266127
-304.272377878373106
-304.272377878377597
-304.272377878413806
-304.272377878417387
-304.272377878419206
-304.272377878420059
-304.272377878420343
-304.272377878421366
-304.272377878421366
-304.272377878422503
-304.272377878424379
-304.272377878424436
-304.272377878425232
-304.272377878426084
-304.272377878426425
-304.272377878426255
-304.272377878427051
-304.272377878427164
-304.272377878427449
-304.272377878427903
-304.272377878428017
-304.272377878428756
-304.272377878427505
-304.272377878427562
-304.272388268879411
-304.272388752717120
-304.272388912549957
-304.272388921442598
-304.272388922268249
-304.272388922368066
-304.272388922372443
-304.272388922363746
-304.272389019986008
-304.272389115950659
-304.272394614349139
-304.272394639536913
-304.272394987884468
-304.272394993485591
-304.272394974077145
-304.272395083372714
-304.272395084524476
-304.272395095484683
-304.272395096185733
-304.272395097991648
-304.272395104049735
-304.272395108715784
-304.272395109297861
-304.272395114501251
-304.272395114655751
-304.272395115049505
-304.272395115911820
-304.272395116533630
-304.272395116610653
-304.272395117088081
-304.272395117102803
-304.272395117195742
-304.272395117200233
-304.272395117209840
-304.272395117220924
-304.272395117232975
-304.272395117239853
-304.272395117245992
-304.272395117248152
-304.272395117251051
-304.272395117254689
-304.272395117255542
-304.272395117255826
-304.272395117258725
-304.272395117262761
-304.272395117262249
-304.272395117264182
-304.272395117264352
-304.272395117265376
-304.272395117265319
-304.272395117265376
-304.272395117265546
-304.272395117266569
-304.272395117266569
-304.272398494181346
-304.272398637306310
-304.272398679264541
-304.272398682160713
-304.272398682425319
-304.272398682455332
-304.272398682441974
-304.272398714539065
-304.272398746108479
-304.272400613552009
-304.272400621819486
-304.272400747142399
-304.272400749098153
-304.272400743204628
-304.272400739945397
-304.272400740790772
-304.272400764808424
-304.272400767041063
-304.272400777911798
-304.272400778359781
-304.272400783196645
-304.272400783425837
-304.272400785168145
-304.272400785733851
-304.272400786336505
-304.272400786485434
-304.272400786756407
-304.272400787342463
-304.272400787522713
-304.272400787923232
-304.272400788321931
-304.272400788712105
-304.272400788723473
-304.272400788882806
-304.272400788889911
-304.272400788892867
-304.272400788899290
-304.272400788900882
-304.272400788907817
-304.272400788909181
-304.272400788910204
-304.272400788911398
-304.272400788911909
-304.272400788912364
-304.272400788914524
-304.272400788916400
-304.272400788919981
-304.272400788920550
-304.272400788920550
-304.272402010724875
-304.272402055965756
-304.272402066722691
-304.272402067748260
-304.272402067843700
-304.272402067851317
-304.272402068039980
-304.272402079745632
-304.272402091267111
-304.272402798908729
-304.272402801885164
-304.272402848436627
-304.272402849153991
-304.272402846826537
-304.272402845518968
-304.272402845834222
-304.272402855059397
-304.272402855965481
-304.272402860308489
-304.272402860685133
-304.272402861683872
-304.272402862575063
-304.272402862682213
-304.272402863439140
-304.272402863492346
-304.272402864173728
-304.272402864204082
-304.272402864491823
-304.272402864511946
-304.272402864550031
-304.272402864569074
-304.272402864599599
-304.272402864602327
-304.272402864604715
-304.272402864606875
-304.272402864607898
-304.272402864608523
-304.272402864608921
-304.272402864609433
-304.272402864613696
-304.272402864615458
-304.272402864615515
-304.272402864616993
-304.272402864616993
-304.272403354494088
-304.272403370561108
-304.272403373411464
-304.272403373815564
-304.272403373851887
-304.272403373903103
-304.272403378638046
-304.272403383301196
-304.272403680043112
-304.272403681217156
-304.272403700476673
-304.272403700766858
-304.272403699785457
-304.272403699244705
-304.272403699363792
-304.272403702924123
-304.272403703312079
-304.272403705071156
-304.272403705238446
-304.272403705492820
-304.272403705964905
-304.272403706000205
-304.272403706270381
-304.272403706283058
-304.272403706302498
-304.272403706361843
-304.272403706597686
-304.272403706606724
-304.272403706693410
-304.272403706695570
-304.272403706716602
-304.272403706719501
-304.272403706722798
-304.272403706723878
-304.272403706724788
-304.272403706724901
-304.272403706724845
-304.272403706726152
-304.272403706725697
-304.272403706725925
-304.272403706727005
-304.272403706728028
-304.272403706728653
-304.272403706728596
-304.272403706728767
-304.272403706729051
-304.272403706728880
-304.272403921257194
-304.272403927738253
-304.272403928573112
-304.272403928737162
-304.272403928752340
-304.272403928682081
-304.272403930771816
-304.272403932830116
-304.272404067774232
-304.272404068268884
-304.272404076965643
-304.272404077093427
-304.272404076706209
-304.272404078435045
-304.272404078684019
-304.272404078716079
-304.272404078939985
-304.272404078958459
-304.272404079010698
-304.272404079127284
-304.272404079139392
-304.272404079194871
-304.272404079230682
-304.272404079235514
-304.272404079264618
-304.272404079266266
-304.272404079277067
-304.272404079277067
-304.272404179276577
-304.272404182173887
-304.272404182467710
-304.272404182527453
-304.272404182534160
-304.272404182546495
-304.272404183527726
-304.272404184495599
-304.272404249102578
-304.272404249331998
-304.272404253541026
-304.272404253596335
-304.272404253424327
-304.272404253336333
-304.272404253346735
-304.272404253871912
-304.272404253945524
-304.272404254258220
-304.272404254284368
-304.272404254364972
-304.272404254399021
-304.272404254403398
-304.272404254440346
-304.272404254443302
-304.272404254467801
-304.272404254474623
-304.272404254482126
-304.272404254493438
-304.272404254493438
-304.272404303290557
-304.272404304695044
-304.272404304824533
-304.272404304845395
-304.272404304903546
-304.272404305381940
-304.272404305854991
-304.272404337843170
-304.272404337964417
-304.272404339701950
-304.272404339725369
-304.272404339580078
-304.272404340348203
-304.272404340366677
-304.272404340390381
-304.272404340427556
-304.272404340438470
-304.272404340447395
-304.272404340450123
-304.272404340470700
-304.272404340473372
-304.272404340474566
-304.272404340480080
-304.272404340483092
-304.272404340484115
-304.272404340484741
-304.272404340485593
-304.272404340486446
-304.272404340486844
-304.272404340486958
-304.272404365059742
-304.272404365773809
-304.272404365837360
-304.272404365849297
-304.272404365852140
-304.272404366093497
-304.272404366331727
-304.272404382646073
-304.272404382700188
-304.272404383737012
-304.272404383750768
-304.272404383851324
-304.272404383857520
-304.272404383875312
-304.272404383885828
-304.272404383887249
-304.272404383889750
-304.272404383898390
-304.272404383898277
-304.272404396308332
-304.272404396672869
-304.272404396708282
-304.272404396709817
-304.272404396833508
-304.272404396954698
-304.272404405351381
-304.272404405380769
-304.272404405823465
-304.272404405829377
-304.272404405786119
-304.272404405989050
-304.272404406003545
-304.272404406004227
-304.272404406007013
-304.272404406008263
-304.272404406012072
-304.272404406014061
-304.272404406013550
-304.272404406014914
-304.272404406018438
-304.272404406018438
-304.272404412516778
-304.272404412708568
-304.272404412732271
-304.272404412729600
-304.272404412793094
-304.272404412856304
-304.272404417241944
-304.272404417257462
-304.272404417482107
-304.272404417484552
-304.272404417462724
-304.272404417447831
-304.272404417450502
-304.272404417535768
-304.272404417542418
-304.272404417564758
-304.272404417567429
-304.272404417571920
-304.272404417579708
-304.272404417579651
-304.272404417580788
-304.272404417580788
-304.272404420976670
-304.272404421078079
-304.272404421088822
-304.272404421088140
-304.272404421121735
-304.272404421154420
-304.272404423440662
-304.272404423449814
-304.272404423586920
-304.272404423602893
-304.272404423617502
-304.272404423624380
-304.272404423624778
-304.272404423631656
-304.272404423631428
-304.272404423632395
-304.272404423632395
-304.272404425413129
-304.272404425465538
-304.272404425477703
-304.272404425494869
-304.272404425511297
-304.272404426707567
-304.272404426713877
-304.272404426758612
-304.272404426757987
-304.272404426749858
-304.272404426746164
-304.272404426751734
-304.272404426787261
-304.272404426803746
-304.272404426807611
-304.272404426808350
-304.272404426808180
-304.272404426808635
-304.272404426808748
-304.272404427749223
-304.272404427780486
-304.272404427785375
-304.272404427794243
-304.272404427794299
-304.272404427793276
-304.272404427806123
-304.272404427814820
