0.000000000000000
3.8846489040214129E-003
1.3114432358125720E-003
2.6598592114415352E-004
6.7279899206936780E-005
1.0590538117554090E-004
1.0615347061100114E-004
2.5568945124133946E-004
5.7740513255389754E-005
1.0832814217307222E-004
3.6482937791087675E-004
6.5689538549650283E-005
1.2352865819238165E-004
2.0090396380463660E-004
5.8052833127522943E-005
1.1544118559404360E-004
6.7194940682991456E-005
6.3648410645614570E-005
6.8088304765014633E-005
2.8744673512871117E-005
1.5076884522659536E-005
2.0651117368261376E-005
5.2505649391318923E-005
2.8536655536892865E-005
1.9670722816364667E-005
1.6137083772780984E-005
1.2772937248054300E-005
6.3579835249700525E-006
1.8985440620453022E-005
1.6256423196440339E-005
4.1463482514225274E-006
4.8226839292350415E-006
8.2719895456731424E-006
6.1644939453407152E-006
1.3267664209532282E-005
8.0954489620572907E-006
5.9160464475801627E-006
1.4237058371344285E-006
4.6546552317807581E-006
4.0598685412756398E-006
1.8637386770111474E-006
7.1943552392355735E-007
3.5817679874484817E-006
1.8360561117981956E-006
3.2149408865363737E-006
4.3992951025114891E-006
5.1726868693122580E-006
2.1905150623046505E-006
3.2294548199336394E-006
1.5547092750985279E-006
1.4454489303424277E-006
1.2461297362497313E-006
2.3559254841405912E-006
3.3797012462720230E-006
4.3026874645456668E-006
5.7024990450660197E-007
1.6814674010494806E-006
1.2509256821531086E-006
1.6818403916489632E-006
5.7634564716191816E-007
1.6592246255343313E-006
1.0605379707766866E-006
6.8028248696085191E-007
2.1535996309036080E-007
5.8198040991631789E-007
7.9842993351885279E-007
2.3520505440445623E-007
1.3809642911929510E-007
2.1742264166057336E-007
3.4267826711340486E-007
2.4160800289686930E-007
4.0205906701677728E-007
2.3282546721256815E-007
1.4946590511605820E-007
5.2972929317234447E-007
3.3038510250089849E-007
4.5257260255287614E-007
4.6932549125054137E-007
1.6814160474765926E-006
2.1604233881311603E-007
3.1738060628427800E-007
5.2858212206173786E-007
3.8339856199931663E-007
1.7347573757218871E-007
4.5251928668921243E-007
1.5504495018184649E-007
8.9727427787539200E-008
7.4420952224641912E-008
1.0998248989754269E-007
1.4899382346133995E-007
1.8925648510977698E-007
5.2892394496344752E-008
1.6703669509234559E-007
1.0715015772004463E-007
7.7795274306431828E-008
5.2381329992357424E-008
1.0414047535184145E-007
3.6484429033120066E-008
7.3313731506932762E-008
3.0908597275150291E-008
6.7234548251632784E-008
2.5781896060196291E-008
8.1732481922788429E-008
4.2802807138834276E-008
5.3586332199495788E-008
6.5066754427518271E-008
2.2662663976531525E-007
6.3065585073851791E-008
4.7282824666818513E-008
3.5923994699218183E-008
7.5705042139253430E-008
2.0330619273814371E-008
7.3048396500025109E-008
7.5504889912374969E-008
4.6146209282746472E-008
1.4622106687194868E-008
6.7065667504886769E-008
4.7589205560473191E-008
2.6484225623658702E-008
8.9360660722494860E-009
1.3443491080636725E-008
1.6562457732649631E-008
1.9628831005196920E-008
1.5088756225210862E-008
1.8379115337489265E-008
1.2345003297194779E-008
2.5716289286255783E-008
1.4913513109741804E-008
8.4664085605110815E-009
9.4343801062821645E-009
1.7401167587102585E-008
2.3970176274260906E-008
2.6783056587032723E-008
1.9765904254365333E-008
2.0469398124168986E-008
1.0586826506687697E-008
1.0271173588389483E-008
5.6180337821805620E-009
5.7637807589412731E-009
3.0491128924599018E-009
4.6613521969728020E-009
5.4856931719755610E-009
1.4663520007104676E-008
9.7002727235715985E-009
4.2659294979258213E-009
3.7779013690320569E-009
4.0871853053198773E-009
4.1829318577728184E-009
5.2051215390812688E-009
3.2631330124452303E-009
4.1018633476019136E-009
1.9816828635686293E-009
5.9225900260985992E-009
1.4570191155383737E-009
3.0418755414216036E-009
5.1855055513743859E-009
7.1703870460013171E-009
1.3603875761003685E-009
1.9138663842186783E-009
3.4264687410689972E-009
5.7775024572054412E-009
2.3366587931401421E-009
2.0628880388021350E-009
1.4117088779464173E-009
1.5549981799991671E-009
1.1251245577586927E-009
1.8358981895395882E-009
7.6274639932381973E-010
1.6093530060403594E-009
7.5442244469407780E-010
1.2420343516092299E-009
7.0110901357224162E-010
1.3225616538164165E-009
1.6339764230845835E-009
1.3511768153081004E-009
1.3332519471399551E-009
9.4599160632826178E-010
4.0793551168272995E-010
