0.000000000000000
9.3037712632260388E-003
6.7350417836738426E-003
8.2079931653914872E-003
1.3113946639816746E-002
4.0833112030362738E-002
8.9952541367510866E-002
5.3515864089621334E-002
3.1398729750590049E-002
2.5009339254667622E-002
7.0282344210418554E-003
6.9507148706244009E-003
7.0295349337449482E-003
1.4439441777125239E-003
1.8428154191362494E-003
3.0592175496789950E-003
1.1469957781617879E-003
4.1779773414165629E-004
9.6385125548978585E-004
9.4019019564304249E-004
3.7045206663729953E-004
2.0464153272347312E-004
1.1445395757577494E-003
6.2686228023670651E-004
3.4331871492422210E-004
6.9008985084601394E-004
4.7832114036653597E-004
2.0502409685063243E-004
5.0982184564157633E-004
2.4474993295487633E-004
1.2485192276921321E-004
7.9280597346328827E-005
2.4563937192182707E-004
1.7983052575220598E-004
4.1947900414530075E-004
1.9759535248071436E-004
1.3255784817151539E-004
4.1768725010145443E-005
1.6205623092578991E-004
9.7041046996386025E-005
3.8646239347001144E-005
1.4404510014237182E-005
9.2832787184313930E-005
3.3879805254775910E-005
3.9084889985394680E-005
5.3291363272924358E-005
7.9411744066412558E-005
3.5392361278070227E-005
5.8056124790806731E-005
3.2464678491122463E-005
1.6273755220445681E-005
1.4388846492580233E-005
3.9057038439544356E-005
5.4908873634697872E-005
7.5885483741619376E-005
7.2828226740728650E-006
2.6452721139059743E-005
1.9211478650845070E-005
2.5906498114093855E-005
7.6051080254770016E-006
3.1089329004404849E-005
2.1117814543231002E-005
9.3385901765634385E-006
3.0422081102113612E-006
9.5422066016252861E-006
2.1389490605397156E-005
6.1978172994415891E-006
2.0346971467235230E-006
6.1237402173750069E-006
1.2165470913776264E-005
4.9820132014744755E-006
5.5316207831775858E-006
3.3346560619291894E-006
1.7157965934093534E-006
7.1521791154549961E-006
4.9390674133118997E-006
8.1989523228690942E-006
8.2620148978878159E-006
3.1926144603087492E-005
2.9240546853218665E-006
4.4100817333101818E-006
9.1442087618279056E-006
7.1914121209049211E-006
2.9768114911016519E-006
8.5359988699139554E-006
3.2670605568022873E-006
1.5438279872596094E-006
1.1332893685725290E-006
1.6902671588692727E-006
2.6515811371729762E-006
3.3874144381383523E-006
8.1870012410636205E-007
2.7943686643740054E-006
1.4878676296706512E-006
1.2106797291709848E-006
5.8448011660441248E-007
1.7026508735533277E-006
7.0056386280683711E-007
1.4237172871954094E-006
5.2225064974426898E-007
1.6017168685935095E-006
4.7297384212281575E-007
1.4669891240055100E-006
5.4857076526591156E-007
6.5112489843018718E-007
7.8425782092632226E-007
2.7104343617196557E-006
6.7695264511682204E-007
5.4170768826795313E-007
4.5529104192200152E-007
1.1127641295459063E-006
2.7451315613728302E-007
1.1591334630665490E-006
1.1934543604477881E-006
7.7958976707288915E-007
2.2298179857136961E-007
1.2584039465801365E-006
8.9007956878899759E-007
4.9019092061873658E-007
1.2014980159222690E-007
2.5355630664059863E-007
3.3788197609436241E-007
3.7900162071249843E-007
3.0917797912909544E-007
4.2253583609862746E-007
2.6759916820908419E-007
5.9290460251432226E-007
3.5556236951372125E-007
1.3699355127045108E-007
1.4596986673335818E-007
2.8193891877956560E-007
3.1978235203042334E-007
3.2473902620449471E-007
2.0766504989350416E-007
2.1678686081038439E-007
1.1722389608401655E-007
1.2268680706323250E-007
8.9379275231817222E-008
1.1733935362102325E-007
4.8042075251325020E-008
7.0747721716141144E-008
8.9481381858374293E-008
2.6471767684629983E-007
1.5142851078183097E-007
8.5562688185773188E-008
7.2009010787890132E-008
8.8352865085447926E-008
8.1613014968246832E-008
1.1349856340430855E-007
6.6449771264188709E-008
7.1718219308078464E-008
4.1808562285852365E-008
1.1571682847684957E-007
2.3624522791955945E-008
4.6009047676840308E-008
9.3205772884301802E-008
1.2120236604099817E-007
2.0234398466918715E-008
2.5189485702570774E-008
8.4896455399456057E-008
1.1955065120320377E-007
5.6743886598827808E-008
3.1599883986888057E-008
3.7581189478625808E-008
3.0369999173761334E-008
2.2554098114434233E-008
3.3228719323167255E-008
1.4869512395472636E-008
3.0310053382247280E-008
1.6649353627723159E-008
2.8171802634916424E-008
1.2085073590840929E-008
2.6361723392112994E-008
2.7635676722150525E-008
2.0756626420562974E-008
2.0262632956643143E-008
1.4063003968417503E-008
6.2961141721812937E-009
