0.000000000000000
3.8846489040225748E-003
1.7970537306074487E-003
7.2905637511374026E-004
4.4614531853519867E-005
1.5164439696222029E-005
7.1358765873213334E-006
1.1222225213084838E-006
2.2728384257718508E-007
5.0656787116917701E-008
1.5094440554752265E-008
2.2217365561235936E-009
2.2217365561235936E-009
2.2217365561235936E-009
2.2217365561235936E-009
2.2217365561235936E-009
2.2217365561235936E-009
2.2217365561235936E-009
2.2217365561235936E-009
2.2217365561235936E-009
2.2217365561235936E-009
2.2217365561235936E-009
2.2217365561235936E-009
2.2217365561235936E-009
2.2217365561235936E-009
2.2217365561235936E-009
2.2217365561235936E-009
2.2217365561235936E-009
2.2217365561235936E-009
2.2217365561235936E-009
2.2217365561235936E-009
2.2217365561235936E-009
2.2217365561235936E-009
2.2217365561235936E-009
2.2217365561235936E-009
2.2217365561235936E-009
2.2217365561235936E-009
2.2217365561235936E-009
2.2217365561235936E-009
2.2217365561235936E-009
2.2217365561235936E-009
2.2217365561235936E-009
2.2217365561235936E-009
2.2217365561235936E-009
2.2217365561235936E-009
2.2217365561235936E-009
2.2217365561235936E-009
2.2217365561235936E-009
2.2217365561235936E-009
2.2217365561235936E-009
2.2217365561235936E-009
2.2217365561235936E-009
2.2217365561235936E-009
2.2217365561235936E-009
2.2217365561235936E-009
2.2217365561235936E-009
2.2217365561235936E-009
2.2217365561235936E-009
2.2217365561235936E-009
2.2217365561235936E-009
2.2217365561235936E-009
2.2217365561235936E-009
2.2217365561235936E-009
2.2217365561235936E-009
2.2217365561235936E-009
2.2217365561235936E-009
2.2217365561235936E-009
2.2217365561235936E-009
2.2217365561235936E-009
2.2217365561235936E-009
2.2217365561235936E-009
2.2217365561235936E-009
2.2217365561235936E-009
2.2217365561235936E-009
2.2217365561235936E-009
2.2217365561235936E-009
2.2217365561235936E-009
2.2217365561235936E-009
2.2217365561235936E-009
2.2217365561235936E-009
2.2217365561235936E-009
2.2217365561235936E-009
2.2217365561235936E-009
2.2217365561235936E-009
2.2217365561235936E-009
2.2217365561235936E-009
2.2217365561235936E-009
2.2217365561235936E-009
2.2217365561235936E-009
2.2217365561235936E-009
2.2217365561235936E-009
2.2217365561235936E-009
2.2217365561235936E-009
2.2217365561235936E-009
2.2217365561235936E-009
2.2217365561235936E-009
2.2217365561235936E-009
2.2217365561235936E-009
2.2217365561235936E-009
2.2217365561235936E-009
2.2217365561235936E-009
2.2217365561235936E-009
2.2217365561235936E-009
2.2217365561235936E-009
2.2217365561235936E-009
2.2217365561235936E-009
2.2217365561235936E-009
2.2217365561235936E-009
2.2217365561235936E-009
2.2217365561235936E-009
2.2217365561235936E-009
2.2217365561235936E-009
2.2217365561235936E-009
2.2217365561235936E-009
2.2217365561235936E-009
2.2217365561235936E-009
2.2217365561235936E-009
2.2217365561235936E-009
2.2217365561235936E-009
2.2217365561235936E-009
2.2217365561235936E-009
2.2217365561235936E-009
2.2217365561235936E-009
2.2217365561235936E-009
2.2217365561235936E-009
2.2217365561235936E-009
2.2217365561235936E-009
2.2217365561235936E-009
2.2217365561235936E-009
2.2217365561235936E-009
2.2217365561235936E-009
8.2366166572169148E-004
7.6861805529174703E-005
1.2372985825780618E-005
3.9205468377409475E-006
1.3798900052073547E-006
2.4058639230026386E-007
8.5037108716853582E-008
2.4751194518991986E-008
5.2190877884116100E-009
5.2190877884116100E-009
5.2190877884116100E-009
5.2190877884116100E-009
5.2190877884116100E-009
5.2190877884116100E-009
5.2190877884116100E-009
5.2190877884116100E-009
5.2190877884116100E-009
5.2190877884116100E-009
5.2190877884116100E-009
5.2190877884116100E-009
5.2190877884116100E-009
5.2190877884116100E-009
5.2190877884116100E-009
5.2190877884116100E-009
5.2190877884116100E-009
5.2190877884116100E-009
5.2190877884116100E-009
5.2190877884116100E-009
5.2190877884116100E-009
5.2190877884116100E-009
5.2190877884116100E-009
5.2190877884116100E-009
5.2190877884116100E-009
5.2190877884116100E-009
5.2190877884116100E-009
5.2190877884116100E-009
5.2190877884116100E-009
5.2190877884116100E-009
5.2190877884116100E-009
5.2190877884116100E-009
5.2190877884116100E-009
5.2190877884116100E-009
5.2190877884116100E-009
5.2190877884116100E-009
5.2190877884116100E-009
5.2190877884116100E-009
5.2190877884116100E-009
5.2190877884116100E-009
5.2190877884116100E-009
5.2190877884116100E-009
5.2190877884116100E-009
5.2190877884116100E-009
5.2190877884116100E-009
5.2190877884116100E-009
5.2190877884116100E-009
5.2190877884116100E-009
5.2190877884116100E-009
5.2190877884116100E-009
5.2190877884116100E-009
5.2190877884116100E-009
5.2190877884116100E-009
5.2190877884116100E-009
5.2190877884116100E-009
5.2190877884116100E-009
5.2190877884116100E-009
5.2190877884116100E-009
5.2190877884116100E-009
5.2190877884116100E-009
5.2190877884116100E-009
5.2190877884116100E-009
5.2190877884116100E-009
5.2190877884116100E-009
5.2190877884116100E-009
5.2190877884116100E-009
5.2190877884116100E-009
5.2190877884116100E-009
5.2190877884116100E-009
5.2190877884116100E-009
5.9830866817102012E-005
9.1719692614500970E-006
3.1410052824874153E-006
7.5126060933615853E-007
2.0043971517678532E-007
7.4359042638929874E-008
2.4439289943442443E-008
5.9158830961136745E-009
5.9158830961136745E-009
5.9158830961136745E-009
5.9158830961136745E-009
5.9158830961136745E-009
5.9158830961136745E-009
5.9158830961136745E-009
5.9158830961136745E-009
5.9158830961136745E-009
5.9158830961136745E-009
5.9158830961136745E-009
5.9158830961136745E-009
5.9158830961136745E-009
5.9158830961136745E-009
5.9158830961136745E-009
5.9158830961136745E-009
5.9158830961136745E-009
5.9158830961136745E-009
5.9158830961136745E-009
5.9158830961136745E-009
5.9158830961136745E-009
5.9158830961136745E-009
5.9158830961136745E-009
5.9158830961136745E-009
5.9158830961136745E-009
5.9158830961136745E-009
5.9158830961136745E-009
5.9158830961136745E-009
5.9158830961136745E-009
5.9158830961136745E-009
5.9158830961136745E-009
5.9158830961136745E-009
5.9158830961136745E-009
5.9158830961136745E-009
5.9158830961136745E-009
5.9158830961136745E-009
5.9158830961136745E-009
5.9158830961136745E-009
5.9158830961136745E-009
5.9158830961136745E-009
5.9158830961136745E-009
5.9158830961136745E-009
5.9158830961136745E-009
5.9158830961136745E-009
5.9158830961136745E-009
5.9158830961136745E-009
5.9158830961136745E-009
5.9158830961136745E-009
5.9158830961136745E-009
5.9158830961136745E-009
5.9158830961136745E-009
5.9158830961136745E-009
5.9158830961136745E-009
5.9158830961136745E-009
5.9158830961136745E-009
5.9158830961136745E-009
5.9158830961136745E-009
5.9158830961136745E-009
5.9158830961136745E-009
5.9158830961136745E-009
1.5719660478933921E-005
4.6393970276525520E-006
1.7852727093295889E-006
3.8856403610172607E-007
1.3447990078086795E-007
4.8633693634250339E-008
1.4024868309091535E-008
2.8941290277865009E-009
2.8941290277865009E-009
2.8941290277865009E-009
2.8941290277865009E-009
2.8941290277865009E-009
2.8941290277865009E-009
2.8941290277865009E-009
2.8941290277865009E-009
2.8941290277865009E-009
2.8941290277865009E-009
2.8941290277865009E-009
2.8941290277865009E-009
2.8941290277865009E-009
2.8941290277865009E-009
2.8941290277865009E-009
2.8941290277865009E-009
2.8941290277865009E-009
2.8941290277865009E-009
2.8941290277865009E-009
2.8941290277865009E-009
2.8941290277865009E-009
2.8941290277865009E-009
2.8941290277865009E-009
2.8941290277865009E-009
2.8941290277865009E-009
2.8941290277865009E-009
2.8941290277865009E-009
2.8941290277865009E-009
2.8941290277865009E-009
2.8941290277865009E-009
2.8941290277865009E-009
2.8941290277865009E-009
2.8941290277865009E-009
2.8941290277865009E-009
2.8941290277865009E-009
2.8941290277865009E-009
2.8941290277865009E-009
2.8941290277865009E-009
2.8941290277865009E-009
2.8941290277865009E-009
2.8941290277865009E-009
2.8941290277865009E-009
2.8941290277865009E-009
2.8941290277865009E-009
2.8941290277865009E-009
2.8941290277865009E-009
2.8941290277865009E-009
7.7494623833082214E-006
2.3833563080070234E-006
9.2402680980966293E-007
2.1717833859851647E-007
7.4714819477094890E-008
2.5718943353914812E-008
8.1421247363263061E-009
8.1421247363263061E-009
8.1421247363263061E-009
8.1421247363263061E-009
8.1421247363263061E-009
8.1421247363263061E-009
8.1421247363263061E-009
8.1421247363263061E-009
8.1421247363263061E-009
8.1421247363263061E-009
8.1421247363263061E-009
8.1421247363263061E-009
8.1421247363263061E-009
8.1421247363263061E-009
8.1421247363263061E-009
8.1421247363263061E-009
8.1421247363263061E-009
8.1421247363263061E-009
8.1421247363263061E-009
8.1421247363263061E-009
8.1421247363263061E-009
8.1421247363263061E-009
8.1421247363263061E-009
8.1421247363263061E-009
8.1421247363263061E-009
8.1421247363263061E-009
8.1421247363263061E-009
8.1421247363263061E-009
8.1421247363263061E-009
8.1421247363263061E-009
8.1421247363263061E-009
8.1421247363263061E-009
8.1421247363263061E-009
8.1421247363263061E-009
8.1421247363263061E-009
8.1421247363263061E-009
8.1421247363263061E-009
8.1421247363263061E-009
8.1421247363263061E-009
8.1421247363263061E-009
8.1421247363263061E-009
8.1421247363263061E-009
8.1421247363263061E-009
4.1005739130294284E-006
1.2193384266129535E-006
4.7747549022194054E-007
1.2825725525433788E-007
4.2626741305829129E-008
1.4040906185335045E-008
4.8192599939663835E-009
4.8192599939663835E-009
4.8192599939663835E-009
4.8192599939663835E-009
4.8192599939663835E-009
4.8192599939663835E-009
4.8192599939663835E-009
4.8192599939663835E-009
4.8192599939663835E-009
4.8192599939663835E-009
4.8192599939663835E-009
4.8192599939663835E-009
4.8192599939663835E-009
4.8192599939663835E-009
4.8192599939663835E-009
4.8192599939663835E-009
4.8192599939663835E-009
4.8192599939663835E-009
4.8192599939663835E-009
4.8192599939663835E-009
4.8192599939663835E-009
4.8192599939663835E-009
4.8192599939663835E-009
4.8192599939663835E-009
4.8192599939663835E-009
4.8192599939663835E-009
4.8192599939663835E-009
4.8192599939663835E-009
4.8192599939663835E-009
4.8192599939663835E-009
4.8192599939663835E-009
4.8192599939663835E-009
4.8192599939663835E-009
4.8192599939663835E-009
4.8192599939663835E-009
4.8192599939663835E-009
4.8192599939663835E-009
4.8192599939663835E-009
2.2493053926351259E-006
6.3485986765456668E-007
2.5187235880085586E-007
8.0467639904179577E-008
2.6023806013793445E-008
8.3061302325017496E-009
8.3061302325017496E-009
8.3061302325017496E-009
8.3061302325017496E-009
8.3061302325017496E-009
8.3061302325017496E-009
8.3061302325017496E-009
8.3061302325017496E-009
8.3061302325017496E-009
8.3061302325017496E-009
8.3061302325017496E-009
8.3061302325017496E-009
8.3061302325017496E-009
8.3061302325017496E-009
8.3061302325017496E-009
8.3061302325017496E-009
8.3061302325017496E-009
8.3061302325017496E-009
8.3061302325017496E-009
8.3061302325017496E-009
8.3061302325017496E-009
8.3061302325017496E-009
8.3061302325017496E-009
8.3061302325017496E-009
8.3061302325017496E-009
8.3061302325017496E-009
8.3061302325017496E-009
8.3061302325017496E-009
8.3061302325017496E-009
8.3061302325017496E-009
8.3061302325017496E-009
8.3061302325017496E-009
8.3061302325017496E-009
8.3061302325017496E-009
8.3061302325017496E-009
8.3061302325017496E-009
8.3061302325017496E-009
8.3061302325017496E-009
8.3061302325017496E-009
8.3061302325017496E-009
8.3061302325017496E-009
8.3061302325017496E-009
1.2886818974565306E-006
3.4285503881697290E-007
1.3720625688309084E-007
5.2114888349408275E-008
1.7062158267410265E-008
5.3976227352605922E-009
5.3976227352605922E-009
5.3976227352605922E-009
5.3976227352605922E-009
5.3976227352605922E-009
5.3976227352605922E-009
5.3976227352605922E-009
5.3976227352605922E-009
5.3976227352605922E-009
5.3976227352605922E-009
5.3976227352605922E-009
5.3976227352605922E-009
5.3976227352605922E-009
5.3976227352605922E-009
5.3976227352605922E-009
5.3976227352605922E-009
5.3976227352605922E-009
5.3976227352605922E-009
5.3976227352605922E-009
5.3976227352605922E-009
5.3976227352605922E-009
5.3976227352605922E-009
5.3976227352605922E-009
7.7841701859256449E-007
1.9698456378137753E-007
7.7950506405102774E-008
3.3175411680980926E-008
1.1586016598778948E-008
3.7423224076338057E-009
3.7423224076338057E-009
3.7423224076338057E-009
3.7423224076338057E-009
3.7423224076338057E-009
3.7423224076338057E-009
3.7423224076338057E-009
3.7423224076338057E-009
3.7423224076338057E-009
3.7423224076338057E-009
3.7423224076338057E-009
3.7423224076338057E-009
3.7423224076338057E-009
3.7423224076338057E-009
3.7423224076338057E-009
3.7423224076338057E-009
3.7423224076338057E-009
3.7423224076338057E-009
3.7423224076338057E-009
3.7423224076338057E-009
3.7423224076338057E-009
3.7423224076338057E-009
3.7423224076338057E-009
3.7423224076338057E-009
4.9727411610683564E-007
1.2221777722941636E-007
4.6922915975959467E-008
2.0625159262729853E-008
7.8699643987257156E-009
7.8699643987257156E-009
7.8699643987257156E-009
7.8699643987257156E-009
7.8699643987257156E-009
7.8699643987257156E-009
7.8699643987257156E-009
7.8699643987257156E-009
7.8699643987257156E-009
7.8699643987257156E-009
7.8699643987257156E-009
7.8699643987257156E-009
7.8699643987257156E-009
7.8699643987257156E-009
7.8699643987257156E-009
7.8699643987257156E-009
7.8699643987257156E-009
7.8699643987257156E-009
7.8699643987257156E-009
7.8699643987257156E-009
7.8699643987257156E-009
7.8699643987257156E-009
7.8699643987257156E-009
7.8699643987257156E-009
7.8699643987257156E-009
7.8699643987257156E-009
3.3033454031901699E-007
8.0921159704320199E-008
3.0258924548779328E-008
1.2866347142991193E-008
4.9446904275958350E-009
4.9446904275958350E-009
4.9446904275958350E-009
4.9446904275958350E-009
4.9446904275958350E-009
4.9446904275958350E-009
4.9446904275958350E-009
4.9446904275958350E-009
4.9446904275958350E-009
4.9446904275958350E-009
4.9446904275958350E-009
4.9446904275958350E-009
4.9446904275958350E-009
4.9446904275958350E-009
4.9446904275958350E-009
2.2889167240108718E-007
5.6533717051579629E-008
2.1058854782831747E-008
8.7384238288004963E-009
8.7384238288004963E-009
8.7384238288004963E-009
8.7384238288004963E-009
8.7384238288004963E-009
8.7384238288004963E-009
8.7384238288004963E-009
8.7384238288004963E-009
8.7384238288004963E-009
8.7384238288004963E-009
8.7384238288004963E-009
8.7384238288004963E-009
8.7384238288004963E-009
8.7384238288004963E-009
8.7384238288004963E-009
8.7384238288004963E-009
8.7384238288004963E-009
8.7384238288004963E-009
8.7384238288004963E-009
1.5977773903519919E-007
4.0766129205160215E-008
1.5590229374390283E-008
6.3229777470972935E-009
6.3229777470972935E-009
6.3229777470972935E-009
6.3229777470972935E-009
6.3229777470972935E-009
6.3229777470972935E-009
6.3229777470972935E-009
6.3229777470972935E-009
6.3229777470972935E-009
6.3229777470972935E-009
6.3229777470972935E-009
6.3229777470972935E-009
6.3229777470972935E-009
6.3229777470972935E-009
6.3229777470972935E-009
6.3229777470972935E-009
6.3229777470972935E-009
6.3229777470972935E-009
6.3229777470972935E-009
1.1452096995552374E-007
2.9583469718984305E-008
1.1464497200236435E-008
4.6523263802107104E-009
4.6523263802107104E-009
4.6523263802107104E-009
4.6523263802107104E-009
4.6523263802107104E-009
4.6523263802107104E-009
4.6523263802107104E-009
4.6523263802107104E-009
4.6523263802107104E-009
4.6523263802107104E-009
4.6523263802107104E-009
4.6523263802107104E-009
4.6523263802107104E-009
4.6523263802107104E-009
8.2194919910284179E-008
2.1645914733666160E-008
8.5422974099352251E-009
8.5422974099352251E-009
8.5422974099352251E-009
8.5422974099352251E-009
8.5422974099352251E-009
8.5422974099352251E-009
8.5422974099352251E-009
8.5422974099352251E-009
8.5422974099352251E-009
8.5422974099352251E-009
8.5422974099352251E-009
8.5422974099352251E-009
8.5422974099352251E-009
8.5422974099352251E-009
8.5422974099352251E-009
8.5422974099352251E-009
8.5422974099352251E-009
5.9564830591421720E-008
1.6190912410213534E-008
6.5733101844471723E-009
6.5733101844471723E-009
6.5733101844471723E-009
2.2550451278093495E-009
1.0496725370231115E-009
1.0496725370231115E-009
