-91.566786446890191
-91.579183941364747
-91.579627434160585
-91.580187397433633
-91.580188047584443
-91.580188073287673
-91.580188073658206
-91.580188073659158
-91.580188073659102
-91.580188073659087
-91.580585879345350
-91.580946827338650
-91.584306323365979
-91.584306323365979
-91.584306323365979
-91.584889644691273
-91.585010171215274
-91.585033564136523
-91.585033607970914
-91.585033610861487
-91.585033610877488
-91.585033610877559
-91.585033610877588
-91.585042457230514
-91.585050351522838
-91.585115751906770
-91.585115751906770
-91.585115751906770
-91.585122657794400
-91.585124389324633
-91.585124660758353
-91.585124661251456
-91.585124661285221
-91.585124661285505
-91.585124661285406
-91.585124758391203
-91.585124844956312
-91.585125555863556
-91.585125555863556
-91.585125555863556
-91.585125624690889
-91.585125642542451
-91.585125645235991
-91.585125645240751
-91.585125645241149
-91.585125645241263
-91.585125646203281
-91.585125647060806
-91.585125654097453
-91.585125654097453
-91.585125654097453
-91.585125654772412
-91.585125654948143
-91.585125654974561
-91.585125654974647
-91.585125654974604
-91.585125654974618
-91.585125654984040
-91.585125654992439
-91.585125655061404
-91.585125655061404
-91.585125655067969
-91.585125655069717
-91.585125655070058
-91.585125655070016
-91.585125655070101
-91.585125655070186
-91.585125655070854
