0.000000000000000
7.3417675089990711E-003
3.1403633379588603E-003
9.3739685927798206E-004
2.3277660485522032E-004
1.0562138378734820E-004
1.0930906444502559E-005
1.4739476542956349E-006
3.6598051762644224E-007
4.5171421931351841E-008
4.2327518569776523E-009
4.2327518569776523E-009
4.2327518569776523E-009
4.2327518569776523E-009
4.2327518569776523E-009
4.2327518569776523E-009
4.2327518569776523E-009
4.2327518569776523E-009
4.2327518569776523E-009
4.2327518569776523E-009
4.2327518569776523E-009
4.2327518569776523E-009
4.2327518569776523E-009
4.2327518569776523E-009
4.2327518569776523E-009
4.2327518569776523E-009
4.2327518569776523E-009
4.2327518569776523E-009
4.2327518569776523E-009
4.2327518569776523E-009
4.2327518569776523E-009
4.2327518569776523E-009
4.2327518569776523E-009
4.2327518569776523E-009
4.2327518569776523E-009
4.2327518569776523E-009
4.2327518569776523E-009
4.2327518569776523E-009
4.2327518569776523E-009
4.2327518569776523E-009
4.2327518569776523E-009
4.2327518569776523E-009
4.2327518569776523E-009
4.2327518569776523E-009
4.2327518569776523E-009
4.2327518569776523E-009
4.2327518569776523E-009
4.2327518569776523E-009
4.2327518569776523E-009
4.2327518569776523E-009
4.2327518569776523E-009
4.2327518569776523E-009
4.2327518569776523E-009
4.2327518569776523E-009
4.2327518569776523E-009
4.2327518569776523E-009
4.2327518569776523E-009
4.2327518569776523E-009
4.2327518569776523E-009
4.2327518569776523E-009
4.2327518569776523E-009
4.2327518569776523E-009
4.2327518569776523E-009
4.2327518569776523E-009
4.2327518569776523E-009
4.2327518569776523E-009
4.2327518569776523E-009
4.2327518569776523E-009
4.2327518569776523E-009
4.2327518569776523E-009
4.2327518569776523E-009
4.2327518569776523E-009
4.2327518569776523E-009
4.2327518569776523E-009
4.2327518569776523E-009
4.2327518569776523E-009
4.2327518569776523E-009
4.2327518569776523E-009
4.2327518569776523E-009
4.2327518569776523E-009
4.2327518569776523E-009
4.2327518569776523E-009
4.2327518569776523E-009
4.2327518569776523E-009
4.2327518569776523E-009
4.2327518569776523E-009
4.2327518569776523E-009
4.2327518569776523E-009
4.2327518569776523E-009
4.2327518569776523E-009
4.2327518569776523E-009
4.2327518569776523E-009
4.2327518569776523E-009
4.2327518569776523E-009
4.2327518569776523E-009
4.2327518569776523E-009
4.2327518569776523E-009
4.2327518569776523E-009
4.2327518569776523E-009
4.2327518569776523E-009
4.2327518569776523E-009
4.2327518569776523E-009
4.2327518569776523E-009
4.2327518569776523E-009
4.2327518569776523E-009
4.2327518569776523E-009
4.2327518569776523E-009
4.2327518569776523E-009
4.2327518569776523E-009
4.2327518569776523E-009
4.2327518569776523E-009
4.2327518569776523E-009
4.2327518569776523E-009
4.2327518569776523E-009
4.2327518569776523E-009
4.2327518569776523E-009
4.2327518569776523E-009
4.2327518569776523E-009
4.2327518569776523E-009
4.2327518569776523E-009
4.2327518569776523E-009
4.2327518569776523E-009
4.2327518569776523E-009
4.2327518569776523E-009
4.2327518569776523E-009
4.2327518569776523E-009
4.2327518569776523E-009
4.2327518569776523E-009
4.2327518569776523E-009
4.2327518569776523E-009
4.2327518569776523E-009
4.2327518569776523E-009
4.2327518569776523E-009
4.2327518569776523E-009
4.2327518569776523E-009
4.2327518569776523E-009
4.2327518569776523E-009
4.2327518569776523E-009
4.2327518569776523E-009
4.2327518569776523E-009
4.2327518569776523E-009
4.2327518569776523E-009
4.2327518569776523E-009
4.2327518569776523E-009
4.2327518569776523E-009
4.2327518569776523E-009
4.2327518569776523E-009
4.2327518569776523E-009
4.2327518569776523E-009
4.2327518569776523E-009
4.2327518569776523E-009
4.2327518569776523E-009
4.2327518569776523E-009
4.2327518569776523E-009
4.2327518569776523E-009
4.2327518569776523E-009
4.2327518569776523E-009
4.2327518569776523E-009
4.2327518569776523E-009
4.2327518569776523E-009
4.2327518569776523E-009
4.2327518569776523E-009
4.2327518569776523E-009
4.2327518569776523E-009
4.2327518569776523E-009
4.2327518569776523E-009
4.2327518569776523E-009
4.2327518569776523E-009
4.2327518569776523E-009
4.2327518569776523E-009
4.2327518569776523E-009
4.2327518569776523E-009
4.2327518569776523E-009
4.2327518569776523E-009
4.2327518569776523E-009
4.2327518569776523E-009
4.2327518569776523E-009
4.2327518569776523E-009
4.2327518569776523E-009
4.2327518569776523E-009
4.2327518569776523E-009
4.2327518569776523E-009
4.2327518569776523E-009
4.2327518569776523E-009
4.2327518569776523E-009
4.2327518569776523E-009
4.2327518569776523E-009
4.2327518569776523E-009
4.2327518569776523E-009
4.2327518569776523E-009
4.2327518569776523E-009
4.2327518569776523E-009
4.2327518569776523E-009
4.2327518569776523E-009
4.2327518569776523E-009
4.2327518569776523E-009
4.2327518569776523E-009
4.2327518569776523E-009
4.2327518569776523E-009
4.2327518569776523E-009
4.2327518569776523E-009
4.2327518569776523E-009
4.2327518569776523E-009
4.2327518569776523E-009
4.2327518569776523E-009
4.2327518569776523E-009
4.2327518569776523E-009
4.2327518569776523E-009
4.2327518569776523E-009
4.2327518569776523E-009
4.2327518569776523E-009
4.2327518569776523E-009
4.2327518569776523E-009
4.2327518569776523E-009
4.2327518569776523E-009
4.2327518569776523E-009
4.2327518569776523E-009
4.2327518569776523E-009
4.2327518569776523E-009
4.2327518569776523E-009
4.2327518569776523E-009
4.2327518569776523E-009
4.2327518569776523E-009
4.2327518569776523E-009
4.2327518569776523E-009
4.2327518569776523E-009
4.2327518569776523E-009
4.2327518569776523E-009
4.2327518569776523E-009
4.2327518569776523E-009
4.2327518569776523E-009
4.2327518569776523E-009
4.2327518569776523E-009
4.2327518569776523E-009
4.2327518569776523E-009
4.2327518569776523E-009
4.2327518569776523E-009
4.2327518569776523E-009
4.2327518569776523E-009
4.2327518569776523E-009
4.2327518569776523E-009
4.2327518569776523E-009
4.2327518569776523E-009
4.2327518569776523E-009
4.2327518569776523E-009
4.2327518569776523E-009
4.2327518569776523E-009
4.2327518569776523E-009
4.2327518569776523E-009
4.2327518569776523E-009
4.2327518569776523E-009
4.2327518569776523E-009
4.2327518569776523E-009
4.2327518569776523E-009
4.2327518569776523E-009
4.2327518569776523E-009
4.2327518569776523E-009
4.2327518569776523E-009
4.2327518569776523E-009
4.2327518569776523E-009
4.2327518569776523E-009
4.2327518569776523E-009
4.2327518569776523E-009
4.2327518569776523E-009
4.2327518569776523E-009
4.2327518569776523E-009
4.2327518569776523E-009
4.2327518569776523E-009
4.2327518569776523E-009
4.2327518569776523E-009
4.2327518569776523E-009
4.2327518569776523E-009
4.2327518569776523E-009
4.2327518569776523E-009
4.2327518569776523E-009
4.2327518569776523E-009
4.2327518569776523E-009
4.2327518569776523E-009
4.2327518569776523E-009
4.2327518569776523E-009
4.2327518569776523E-009
4.2327518569776523E-009
4.2327518569776523E-009
4.2327518569776523E-009
4.2327518569776523E-009
4.2327518569776523E-009
4.2327518569776523E-009
4.2327518569776523E-009
4.2327518569776523E-009
4.2327518569776523E-009
4.2327518569776523E-009
4.2327518569776523E-009
4.2327518569776523E-009
4.2327518569776523E-009
4.2327518569776523E-009
4.2327518569776523E-009
4.2327518569776523E-009
4.2327518569776523E-009
4.2327518569776523E-009
4.2327518569776523E-009
4.2327518569776523E-009
4.2327518569776523E-009
4.2327518569776523E-009
4.2327518569776523E-009
4.2327518569776523E-009
4.2327518569776523E-009
4.2327518569776523E-009
4.2327518569776523E-009
4.2327518569776523E-009
4.2327518569776523E-009
4.2327518569776523E-009
4.2327518569776523E-009
4.2327518569776523E-009
4.2327518569776523E-009
4.2327518569776523E-009
4.2327518569776523E-009
4.2327518569776523E-009
4.2327518569776523E-009
4.2327518569776523E-009
4.2327518569776523E-009
4.2327518569776523E-009
4.2327518569776523E-009
4.2327518569776523E-009
4.2327518569776523E-009
4.2327518569776523E-009
4.2327518569776523E-009
4.2327518569776523E-009
4.2327518569776523E-009
4.2327518569776523E-009
4.2327518569776523E-009
4.2327518569776523E-009
4.2327518569776523E-009
4.2327518569776523E-009
4.2327518569776523E-009
4.2327518569776523E-009
4.2327518569776523E-009
4.2327518569776523E-009
4.2327518569776523E-009
4.2327518569776523E-009
4.2327518569776523E-009
4.2327518569776523E-009
4.2327518569776523E-009
4.2327518569776523E-009
4.2327518569776523E-009
4.2327518569776523E-009
4.2327518569776523E-009
4.2327518569776523E-009
4.2327518569776523E-009
4.2327518569776523E-009
4.2327518569776523E-009
4.2327518569776523E-009
4.2327518569776523E-009
4.2327518569776523E-009
4.2327518569776523E-009
4.2327518569776523E-009
4.2327518569776523E-009
4.2327518569776523E-009
4.2327518569776523E-009
4.2327518569776523E-009
4.2327518569776523E-009
4.2327518569776523E-009
4.2327518569776523E-009
4.2327518569776523E-009
4.2327518569776523E-009
4.2327518569776523E-009
4.2327518569776523E-009
4.2327518569776523E-009
4.2327518569776523E-009
4.2327518569776523E-009
4.2327518569776523E-009
4.2327518569776523E-009
4.2327518569776523E-009
4.2327518569776523E-009
4.2327518569776523E-009
4.2327518569776523E-009
4.2327518569776523E-009
4.2327518569776523E-009
4.2327518569776523E-009
4.2327518569776523E-009
4.2327518569776523E-009
4.2327518569776523E-009
4.2327518569776523E-009
4.2327518569776523E-009
4.2327518569776523E-009
4.2327518569776523E-009
4.2327518569776523E-009
4.2327518569776523E-009
4.2327518569776523E-009
4.2327518569776523E-009
4.2327518569776523E-009
4.2327518569776523E-009
4.2327518569776523E-009
4.2327518569776523E-009
4.2327518569776523E-009
4.2327518569776523E-009
4.2327518569776523E-009
4.2327518569776523E-009
4.2327518569776523E-009
4.2327518569776523E-009
4.2327518569776523E-009
4.2327518569776523E-009
4.2327518569776523E-009
4.2327518569776523E-009
4.2327518569776523E-009
4.2327518569776523E-009
4.2327518569776523E-009
4.2327518569776523E-009
4.2327518569776523E-009
4.2327518569776523E-009
4.2327518569776523E-009
4.2327518569776523E-009
4.2327518569776523E-009
4.2327518569776523E-009
4.2327518569776523E-009
4.2327518569776523E-009
4.2327518569776523E-009
4.2327518569776523E-009
4.2327518569776523E-009
4.2327518569776523E-009
4.2327518569776523E-009
4.2327518569776523E-009
4.2327518569776523E-009
4.2327518569776523E-009
4.2327518569776523E-009
4.2327518569776523E-009
4.2327518569776523E-009
4.2327518569776523E-009
4.2327518569776523E-009
4.2327518569776523E-009
4.2327518569776523E-009
4.2327518569776523E-009
4.2327518569776523E-009
4.2327518569776523E-009
4.2327518569776523E-009
4.2327518569776523E-009
4.2327518569776523E-009
4.2327518569776523E-009
4.2327518569776523E-009
4.2327518569776523E-009
4.2327518569776523E-009
4.2327518569776523E-009
4.2327518569776523E-009
4.2327518569776523E-009
4.2327518569776523E-009
4.2327518569776523E-009
4.2327518569776523E-009
4.2327518569776523E-009
4.2327518569776523E-009
4.2327518569776523E-009
4.2327518569776523E-009
4.2327518569776523E-009
4.2327518569776523E-009
4.2327518569776523E-009
4.2327518569776523E-009
4.2327518569776523E-009
4.2327518569776523E-009
4.2327518569776523E-009
4.2327518569776523E-009
4.2327518569776523E-009
4.2327518569776523E-009
4.2327518569776523E-009
4.2327518569776523E-009
4.2327518569776523E-009
4.2327518569776523E-009
4.2327518569776523E-009
4.2327518569776523E-009
4.2327518569776523E-009
4.2327518569776523E-009
4.2327518569776523E-009
4.2327518569776523E-009
4.2327518569776523E-009
4.2327518569776523E-009
4.2327518569776523E-009
4.2327518569776523E-009
4.2327518569776523E-009
4.2327518569776523E-009
4.2327518569776523E-009
4.2327518569776523E-009
4.2327518569776523E-009
4.2327518569776523E-009
4.2327518569776523E-009
4.2327518569776523E-009
4.2327518569776523E-009
4.2327518569776523E-009
4.2327518569776523E-009
4.2327518569776523E-009
4.2327518569776523E-009
4.2327518569776523E-009
4.2327518569776523E-009
4.2327518569776523E-009
4.2327518569776523E-009
4.2327518569776523E-009
4.2327518569776523E-009
4.2327518569776523E-009
4.2327518569776523E-009
4.2327518569776523E-009
4.2327518569776523E-009
4.2327518569776523E-009
4.2327518569776523E-009
4.2327518569776523E-009
4.2327518569776523E-009
4.2327518569776523E-009
4.2327518569776523E-009
4.2327518569776523E-009
4.2327518569776523E-009
4.2327518569776523E-009
4.2327518569776523E-009
4.2327518569776523E-009
4.2327518569776523E-009
4.2327518569776523E-009
4.2327518569776523E-009
4.2327518569776523E-009
4.2327518569776523E-009
4.2327518569776523E-009
4.2327518569776523E-009
4.2327518569776523E-009
4.2327518569776523E-009
4.2327518569776523E-009
4.2327518569776523E-009
4.2327518569776523E-009
4.2327518569776523E-009
4.2327518569776523E-009
4.2327518569776523E-009
4.2327518569776523E-009
4.2327518569776523E-009
4.2327518569776523E-009
4.2327518569776523E-009
4.2327518569776523E-009
4.2327518569776523E-009
4.2327518569776523E-009
4.2327518569776523E-009
4.2327518569776523E-009
4.2327518569776523E-009
4.2327518569776523E-009
4.2327518569776523E-009
4.2327518569776523E-009
4.2327518569776523E-009
4.2327518569776523E-009
4.2327518569776523E-009
4.2327518569776523E-009
4.2327518569776523E-009
4.2327518569776523E-009
4.2327518569776523E-009
4.2327518569776523E-009
4.2327518569776523E-009
4.2327518569776523E-009
4.2327518569776523E-009
4.2327518569776523E-009
5.7081356767982371E-004
1.0966756276685915E-004
4.1285082027405574E-005
1.0652428775422037E-005
2.6165423911543053E-006
5.7758438687263218E-007
1.4913557819135046E-007
2.9341669768719017E-008
3.4768237799824198E-009
3.4768237799824198E-009
3.4768237799824198E-009
3.4768237799824198E-009
3.4768237799824198E-009
3.4768237799824198E-009
3.4768237799824198E-009
3.4768237799824198E-009
3.4768237799824198E-009
3.4768237799824198E-009
3.4768237799824198E-009
3.4768237799824198E-009
3.4768237799824198E-009
3.4768237799824198E-009
3.4768237799824198E-009
3.4768237799824198E-009
3.4768237799824198E-009
3.4768237799824198E-009
3.4768237799824198E-009
3.4768237799824198E-009
3.4768237799824198E-009
3.4768237799824198E-009
3.4768237799824198E-009
3.4768237799824198E-009
3.4768237799824198E-009
3.4768237799824198E-009
3.4768237799824198E-009
3.4768237799824198E-009
3.4768237799824198E-009
3.4768237799824198E-009
3.4768237799824198E-009
3.4768237799824198E-009
3.4768237799824198E-009
3.4768237799824198E-009
3.4768237799824198E-009
3.4768237799824198E-009
3.4768237799824198E-009
3.4768237799824198E-009
3.4768237799824198E-009
3.4768237799824198E-009
3.4768237799824198E-009
3.4768237799824198E-009
3.4768237799824198E-009
3.4768237799824198E-009
3.4768237799824198E-009
3.4768237799824198E-009
3.4768237799824198E-009
3.4768237799824198E-009
3.4768237799824198E-009
3.4768237799824198E-009
3.4768237799824198E-009
3.4768237799824198E-009
3.4768237799824198E-009
3.4768237799824198E-009
3.4768237799824198E-009
3.4768237799824198E-009
3.4768237799824198E-009
3.4768237799824198E-009
3.4768237799824198E-009
3.4768237799824198E-009
3.4768237799824198E-009
3.4768237799824198E-009
3.4768237799824198E-009
3.4768237799824198E-009
3.4768237799824198E-009
3.4768237799824198E-009
3.4768237799824198E-009
3.4768237799824198E-009
3.4768237799824198E-009
3.4768237799824198E-009
3.4768237799824198E-009
3.4768237799824198E-009
3.4768237799824198E-009
3.4768237799824198E-009
3.4768237799824198E-009
3.4768237799824198E-009
3.4768237799824198E-009
3.4768237799824198E-009
3.4768237799824198E-009
3.4768237799824198E-009
3.4768237799824198E-009
3.4768237799824198E-009
3.4768237799824198E-009
3.4768237799824198E-009
3.4768237799824198E-009
3.4768237799824198E-009
3.4768237799824198E-009
3.4768237799824198E-009
3.4768237799824198E-009
3.4768237799824198E-009
3.4768237799824198E-009
3.4768237799824198E-009
3.4768237799824198E-009
3.4768237799824198E-009
3.4768237799824198E-009
3.4768237799824198E-009
3.4768237799824198E-009
3.4768237799824198E-009
3.4768237799824198E-009
3.4768237799824198E-009
3.4768237799824198E-009
3.4768237799824198E-009
3.4768237799824198E-009
3.4768237799824198E-009
3.4768237799824198E-009
3.4768237799824198E-009
3.4768237799824198E-009
3.4768237799824198E-009
3.4768237799824198E-009
3.4768237799824198E-009
3.4768237799824198E-009
3.4768237799824198E-009
3.4768237799824198E-009
3.4768237799824198E-009
3.4768237799824198E-009
3.4768237799824198E-009
3.4768237799824198E-009
3.4768237799824198E-009
3.4768237799824198E-009
3.4768237799824198E-009
3.4768237799824198E-009
3.4768237799824198E-009
3.4768237799824198E-009
3.4768237799824198E-009
3.4768237799824198E-009
3.4768237799824198E-009
3.4768237799824198E-009
3.4768237799824198E-009
3.4768237799824198E-009
3.4768237799824198E-009
3.4768237799824198E-009
3.4768237799824198E-009
3.4768237799824198E-009
3.4768237799824198E-009
3.4768237799824198E-009
3.4768237799824198E-009
3.4768237799824198E-009
3.4768237799824198E-009
3.4768237799824198E-009
3.4768237799824198E-009
3.4768237799824198E-009
3.4768237799824198E-009
3.4768237799824198E-009
3.4768237799824198E-009
3.4768237799824198E-009
3.4768237799824198E-009
3.4768237799824198E-009
3.4768237799824198E-009
3.4768237799824198E-009
3.4768237799824198E-009
3.4768237799824198E-009
3.4768237799824198E-009
3.4768237799824198E-009
3.4768237799824198E-009
3.4768237799824198E-009
3.4768237799824198E-009
3.4768237799824198E-009
3.4768237799824198E-009
3.4768237799824198E-009
3.4768237799824198E-009
3.4768237799824198E-009
3.4768237799824198E-009
3.4768237799824198E-009
3.4768237799824198E-009
3.4768237799824198E-009
3.4768237799824198E-009
3.4768237799824198E-009
3.4768237799824198E-009
3.4768237799824198E-009
3.4768237799824198E-009
3.4768237799824198E-009
3.4768237799824198E-009
3.4768237799824198E-009
3.4768237799824198E-009
3.4768237799824198E-009
3.4768237799824198E-009
3.4768237799824198E-009
3.4768237799824198E-009
3.4768237799824198E-009
3.4768237799824198E-009
3.4768237799824198E-009
3.4768237799824198E-009
3.4768237799824198E-009
3.4768237799824198E-009
3.4768237799824198E-009
3.4768237799824198E-009
3.4768237799824198E-009
3.4768237799824198E-009
3.4768237799824198E-009
3.4768237799824198E-009
3.4768237799824198E-009
3.4768237799824198E-009
3.4768237799824198E-009
3.4768237799824198E-009
3.4768237799824198E-009
3.4768237799824198E-009
3.4768237799824198E-009
3.4768237799824198E-009
3.4768237799824198E-009
3.4768237799824198E-009
3.4768237799824198E-009
3.4768237799824198E-009
3.4768237799824198E-009
3.4768237799824198E-009
3.4768237799824198E-009
3.4768237799824198E-009
3.4768237799824198E-009
3.4768237799824198E-009
3.4768237799824198E-009
3.4768237799824198E-009
3.4768237799824198E-009
3.4768237799824198E-009
3.4768237799824198E-009
3.4768237799824198E-009
3.4768237799824198E-009
3.4768237799824198E-009
3.4768237799824198E-009
3.4768237799824198E-009
3.4768237799824198E-009
3.4768237799824198E-009
3.4768237799824198E-009
3.4768237799824198E-009
3.4768237799824198E-009
3.4768237799824198E-009
3.4768237799824198E-009
3.4768237799824198E-009
3.4768237799824198E-009
3.4768237799824198E-009
3.4768237799824198E-009
3.4768237799824198E-009
3.4768237799824198E-009
3.4768237799824198E-009
3.4768237799824198E-009
3.4768237799824198E-009
3.4768237799824198E-009
3.4768237799824198E-009
3.4768237799824198E-009
3.4768237799824198E-009
3.4768237799824198E-009
3.4768237799824198E-009
3.4768237799824198E-009
3.4768237799824198E-009
3.4768237799824198E-009
3.4768237799824198E-009
3.4768237799824198E-009
3.4768237799824198E-009
3.4768237799824198E-009
3.4768237799824198E-009
3.4768237799824198E-009
3.4768237799824198E-009
3.4768237799824198E-009
3.4768237799824198E-009
3.4768237799824198E-009
3.4768237799824198E-009
3.4768237799824198E-009
3.4768237799824198E-009
3.4768237799824198E-009
3.4768237799824198E-009
3.4768237799824198E-009
3.4768237799824198E-009
3.4768237799824198E-009
3.4768237799824198E-009
3.4768237799824198E-009
3.4768237799824198E-009
3.4768237799824198E-009
3.4768237799824198E-009
3.4768237799824198E-009
3.4768237799824198E-009
3.4768237799824198E-009
3.4768237799824198E-009
3.4768237799824198E-009
3.4768237799824198E-009
3.4768237799824198E-009
3.4768237799824198E-009
3.4768237799824198E-009
3.4768237799824198E-009
3.4768237799824198E-009
3.4768237799824198E-009
3.4768237799824198E-009
3.4768237799824198E-009
3.4768237799824198E-009
3.4768237799824198E-009
3.4768237799824198E-009
3.4768237799824198E-009
3.4768237799824198E-009
3.4768237799824198E-009
3.4768237799824198E-009
3.4768237799824198E-009
3.4768237799824198E-009
3.4768237799824198E-009
3.4768237799824198E-009
3.4768237799824198E-009
3.4768237799824198E-009
3.4768237799824198E-009
3.4768237799824198E-009
3.4768237799824198E-009
3.4768237799824198E-009
3.4768237799824198E-009
9.2356599418569842E-005
4.0555215970803904E-005
1.7334827299551897E-005
4.2419762768525091E-006
1.6347244304617347E-006
2.3010193667936991E-007
2.6360120374737124E-008
4.5026781619210820E-009
4.5026781619210820E-009
4.5026781619210820E-009
4.5026781619210820E-009
4.5026781619210820E-009
4.5026781619210820E-009
4.5026781619210820E-009
4.5026781619210820E-009
4.5026781619210820E-009
4.5026781619210820E-009
4.5026781619210820E-009
4.5026781619210820E-009
4.5026781619210820E-009
4.5026781619210820E-009
4.5026781619210820E-009
4.5026781619210820E-009
4.5026781619210820E-009
4.5026781619210820E-009
4.5026781619210820E-009
4.5026781619210820E-009
4.5026781619210820E-009
4.5026781619210820E-009
4.5026781619210820E-009
4.5026781619210820E-009
4.5026781619210820E-009
4.5026781619210820E-009
4.5026781619210820E-009
4.5026781619210820E-009
4.5026781619210820E-009
4.5026781619210820E-009
4.5026781619210820E-009
4.5026781619210820E-009
4.5026781619210820E-009
4.5026781619210820E-009
4.5026781619210820E-009
4.5026781619210820E-009
4.5026781619210820E-009
4.5026781619210820E-009
4.5026781619210820E-009
4.5026781619210820E-009
4.5026781619210820E-009
4.5026781619210820E-009
4.5026781619210820E-009
4.5026781619210820E-009
4.5026781619210820E-009
4.5026781619210820E-009
4.5026781619210820E-009
4.5026781619210820E-009
4.5026781619210820E-009
4.5026781619210820E-009
4.5026781619210820E-009
4.5026781619210820E-009
4.5026781619210820E-009
4.5026781619210820E-009
4.5026781619210820E-009
4.5026781619210820E-009
4.5026781619210820E-009
4.5026781619210820E-009
4.5026781619210820E-009
4.5026781619210820E-009
4.5026781619210820E-009
4.5026781619210820E-009
4.5026781619210820E-009
4.5026781619210820E-009
4.5026781619210820E-009
4.5026781619210820E-009
4.5026781619210820E-009
4.5026781619210820E-009
4.5026781619210820E-009
4.5026781619210820E-009
4.5026781619210820E-009
4.5026781619210820E-009
4.5026781619210820E-009
4.5026781619210820E-009
4.5026781619210820E-009
4.5026781619210820E-009
4.5026781619210820E-009
4.5026781619210820E-009
4.5026781619210820E-009
4.5026781619210820E-009
4.5026781619210820E-009
4.5026781619210820E-009
4.5026781619210820E-009
4.5026781619210820E-009
4.5026781619210820E-009
4.5026781619210820E-009
4.5026781619210820E-009
4.5026781619210820E-009
4.5026781619210820E-009
4.5026781619210820E-009
4.5026781619210820E-009
4.5026781619210820E-009
4.5026781619210820E-009
4.5026781619210820E-009
4.5026781619210820E-009
4.5026781619210820E-009
4.5026781619210820E-009
4.5026781619210820E-009
4.5026781619210820E-009
4.5026781619210820E-009
4.5026781619210820E-009
4.5026781619210820E-009
4.5026781619210820E-009
4.5026781619210820E-009
4.5026781619210820E-009
4.5026781619210820E-009
4.5026781619210820E-009
4.5026781619210820E-009
4.5026781619210820E-009
4.5026781619210820E-009
4.5026781619210820E-009
4.5026781619210820E-009
4.5026781619210820E-009
4.5026781619210820E-009
4.5026781619210820E-009
4.5026781619210820E-009
4.5026781619210820E-009
4.5026781619210820E-009
4.5026781619210820E-009
4.5026781619210820E-009
4.5026781619210820E-009
4.5026781619210820E-009
4.5026781619210820E-009
4.5026781619210820E-009
4.5026781619210820E-009
4.5026781619210820E-009
4.5026781619210820E-009
4.5026781619210820E-009
4.5026781619210820E-009
4.5026781619210820E-009
4.5026781619210820E-009
4.5026781619210820E-009
4.5026781619210820E-009
4.5026781619210820E-009
4.5026781619210820E-009
4.5026781619210820E-009
4.5026781619210820E-009
4.5026781619210820E-009
4.5026781619210820E-009
4.5026781619210820E-009
4.5026781619210820E-009
4.5026781619210820E-009
4.5026781619210820E-009
4.5026781619210820E-009
4.5026781619210820E-009
4.5026781619210820E-009
4.5026781619210820E-009
4.5026781619210820E-009
4.5026781619210820E-009
4.5026781619210820E-009
4.5026781619210820E-009
4.5026781619210820E-009
4.5026781619210820E-009
4.5026781619210820E-009
4.5026781619210820E-009
4.5026781619210820E-009
4.5026781619210820E-009
4.5026781619210820E-009
4.5026781619210820E-009
4.5026781619210820E-009
4.5026781619210820E-009
4.5026781619210820E-009
4.5026781619210820E-009
4.5026781619210820E-009
4.5026781619210820E-009
4.5026781619210820E-009
4.5026781619210820E-009
4.5026781619210820E-009
4.5026781619210820E-009
4.5026781619210820E-009
4.5026781619210820E-009
4.5026781619210820E-009
4.5026781619210820E-009
4.5026781619210820E-009
4.5026781619210820E-009
4.5026781619210820E-009
4.5026781619210820E-009
4.5026781619210820E-009
4.5026781619210820E-009
4.5026781619210820E-009
4.5026781619210820E-009
4.5026781619210820E-009
4.5026781619210820E-009
4.5026781619210820E-009
4.5026781619210820E-009
4.5026781619210820E-009
4.5026781619210820E-009
4.5026781619210820E-009
4.5026781619210820E-009
4.5026781619210820E-009
4.5026781619210820E-009
4.5026781619210820E-009
4.5026781619210820E-009
4.5026781619210820E-009
4.5026781619210820E-009
4.5026781619210820E-009
4.5026781619210820E-009
4.5026781619210820E-009
4.5026781619210820E-009
4.5026781619210820E-009
4.5026781619210820E-009
4.5026781619210820E-009
4.5026781619210820E-009
4.5026781619210820E-009
4.5026781619210820E-009
4.5026781619210820E-009
4.5026781619210820E-009
4.5026781619210820E-009
4.5026781619210820E-009
4.5026781619210820E-009
4.5026781619210820E-009
4.5026781619210820E-009
4.5026781619210820E-009
4.5026781619210820E-009
4.5026781619210820E-009
4.5026781619210820E-009
4.5026781619210820E-009
4.5026781619210820E-009
4.5026781619210820E-009
4.5026781619210820E-009
4.5026781619210820E-009
4.5026781619210820E-009
4.5026781619210820E-009
4.5026781619210820E-009
4.5026781619210820E-009
4.5026781619210820E-009
4.5026781619210820E-009
4.5026781619210820E-009
4.5026781619210820E-009
4.5026781619210820E-009
4.5026781619210820E-009
4.5026781619210820E-009
4.5026781619210820E-009
4.5026781619210820E-009
4.5026781619210820E-009
4.5026781619210820E-009
4.5026781619210820E-009
4.5026781619210820E-009
4.5026781619210820E-009
4.5026781619210820E-009
4.5026781619210820E-009
4.5026781619210820E-009
4.5026781619210820E-009
4.5026781619210820E-009
4.5026781619210820E-009
4.5026781619210820E-009
4.5026781619210820E-009
4.5026781619210820E-009
4.5026781619210820E-009
4.5026781619210820E-009
4.5026781619210820E-009
4.5026781619210820E-009
4.5026781619210820E-009
4.5026781619210820E-009
4.5026781619210820E-009
4.5026781619210820E-009
4.5026781619210820E-009
4.5026781619210820E-009
4.5026781619210820E-009
4.5026781619210820E-009
4.5026781619210820E-009
4.5026781619210820E-009
4.5026781619210820E-009
4.5026781619210820E-009
4.5026781619210820E-009
4.5026781619210820E-009
4.5026781619210820E-009
4.5026781619210820E-009
4.5026781619210820E-009
4.5026781619210820E-009
4.5026781619210820E-009
4.5026781619210820E-009
4.5026781619210820E-009
4.5026781619210820E-009
4.5026781619210820E-009
4.5026781619210820E-009
4.5026781619210820E-009
4.5026781619210820E-009
4.5026781619210820E-009
4.5026781619210820E-009
4.5026781619210820E-009
4.5026781619210820E-009
4.5026781619210820E-009
4.5026781619210820E-009
4.5026781619210820E-009
4.5026781619210820E-009
4.5026781619210820E-009
4.5026781619210820E-009
4.5026781619210820E-009
4.5026781619210820E-009
4.5026781619210820E-009
4.5026781619210820E-009
4.5026781619210820E-009
4.5026781619210820E-009
4.5026781619210820E-009
4.5026781619210820E-009
4.5026781619210820E-009
4.5026781619210820E-009
4.5026781619210820E-009
4.5026781619210820E-009
4.5026781619210820E-009
4.5026781619210820E-009
4.5026781619210820E-009
4.5026781619210820E-009
4.5026781619210820E-009
4.5026781619210820E-009
4.5026781619210820E-009
4.5026781619210820E-009
4.5026781619210820E-009
4.5026781619210820E-009
4.5026781619210820E-009
4.5026781619210820E-009
4.5026781619210820E-009
4.5026781619210820E-009
4.5026781619210820E-009
4.5026781619210820E-009
4.5026781619210820E-009
4.5026781619210820E-009
4.5026781619210820E-009
4.5026781619210820E-009
4.5026781619210820E-009
4.5026781619210820E-009
4.5026781619210820E-009
4.5026781619210820E-009
4.5026781619210820E-009
4.5026781619210820E-009
4.5026781619210820E-009
4.5026781619210820E-009
4.5026781619210820E-009
4.5026781619210820E-009
4.5026781619210820E-009
4.5026781619210820E-009
4.5026781619210820E-009
4.5026781619210820E-009
4.5026781619210820E-009
4.5026781619210820E-009
4.5026781619210820E-009
4.5026781619210820E-009
4.5026781619210820E-009
4.5026781619210820E-009
4.5026781619210820E-009
4.5026781619210820E-009
4.5026781619210820E-009
4.5026781619210820E-009
4.5026781619210820E-009
4.5026781619210820E-009
4.5026781619210820E-009
4.5026781619210820E-009
4.5026781619210820E-009
4.5026781619210820E-009
4.5026781619210820E-009
4.5026781619210820E-009
4.5026781619210820E-009
4.5026781619210820E-009
4.5026781619210820E-009
4.5026781619210820E-009
4.5026781619210820E-009
4.5026781619210820E-009
4.5026781619210820E-009
4.5026781619210820E-009
4.5026781619210820E-009
4.5026781619210820E-009
4.5026781619210820E-009
4.5026781619210820E-009
4.5026781619210820E-009
4.5026781619210820E-009
4.5026781619210820E-009
4.5026781619210820E-009
4.5026781619210820E-009
4.5026781619210820E-009
4.5026781619210820E-009
4.5026781619210820E-009
4.5026781619210820E-009
4.5026781619210820E-009
4.5026781619210820E-009
4.5026781619210820E-009
4.5026781619210820E-009
4.5026781619210820E-009
4.5026781619210820E-009
4.5026781619210820E-009
4.5026781619210820E-009
4.5026781619210820E-009
4.5026781619210820E-009
4.5026781619210820E-009
4.5026781619210820E-009
4.5026781619210820E-009
4.5026781619210820E-009
4.5026781619210820E-009
4.5026781619210820E-009
4.5026781619210820E-009
4.5026781619210820E-009
4.5026781619210820E-009
4.5026781619210820E-009
4.5026781619210820E-009
4.5026781619210820E-009
4.5026781619210820E-009
4.5026781619210820E-009
4.5026781619210820E-009
4.5026781619210820E-009
4.5026781619210820E-009
4.5026781619210820E-009
4.5026781619210820E-009
4.5026781619210820E-009
4.5026781619210820E-009
4.5026781619210820E-009
4.5026781619210820E-009
4.5026781619210820E-009
4.5026781619210820E-009
4.5026781619210820E-009
4.5026781619210820E-009
4.5026781619210820E-009
4.5026781619210820E-009
4.5026781619210820E-009
4.5026781619210820E-009
4.5026781619210820E-009
4.5026781619210820E-009
4.5026781619210820E-009
4.5026781619210820E-009
4.5026781619210820E-009
4.5026781619210820E-009
4.5026781619210820E-009
4.5026781619210820E-009
4.5026781619210820E-009
4.5026781619210820E-009
4.5026781619210820E-009
4.5026781619210820E-009
4.5026781619210820E-009
4.5026781619210820E-009
4.5026781619210820E-009
4.5026781619210820E-009
4.5026781619210820E-009
4.5026781619210820E-009
4.5026781619210820E-009
4.5026781619210820E-009
4.5026781619210820E-009
4.5026781619210820E-009
4.5026781619210820E-009
4.5026781619210820E-009
4.5026781619210820E-009
4.5026781619210820E-009
4.5026781619210820E-009
4.5026781619210820E-009
4.5026781619210820E-009
4.5026781619210820E-009
4.5026781619210820E-009
4.5026781619210820E-009
4.5026781619210820E-009
4.5026781619210820E-009
3.7455999503667528E-005
1.7994573847234160E-005
7.6871444927272952E-006
1.8942073913298876E-006
7.4973744872339536E-007
1.0424232005337246E-007
1.1825482937517301E-008
2.0886960597024142E-009
2.0886960597024142E-009
2.0886960597024142E-009
2.0886960597024142E-009
2.0886960597024142E-009
2.0886960597024142E-009
2.0886960597024142E-009
2.0886960597024142E-009
2.0886960597024142E-009
2.0886960597024142E-009
2.0886960597024142E-009
2.0886960597024142E-009
2.0886960597024142E-009
2.0886960597024142E-009
2.0886960597024142E-009
2.0886960597024142E-009
2.0886960597024142E-009
2.0886960597024142E-009
2.0886960597024142E-009
2.0886960597024142E-009
2.0886960597024142E-009
2.0886960597024142E-009
2.0886960597024142E-009
2.0886960597024142E-009
2.0886960597024142E-009
2.0886960597024142E-009
2.0886960597024142E-009
2.0886960597024142E-009
2.0886960597024142E-009
2.0886960597024142E-009
2.0886960597024142E-009
2.0886960597024142E-009
2.0886960597024142E-009
2.0886960597024142E-009
2.0886960597024142E-009
2.0886960597024142E-009
2.0886960597024142E-009
2.0886960597024142E-009
2.0886960597024142E-009
2.0886960597024142E-009
2.0886960597024142E-009
2.0886960597024142E-009
2.0886960597024142E-009
2.0886960597024142E-009
2.0886960597024142E-009
2.0886960597024142E-009
2.0886960597024142E-009
2.0886960597024142E-009
2.0886960597024142E-009
2.0886960597024142E-009
2.0886960597024142E-009
2.0886960597024142E-009
2.0886960597024142E-009
2.0886960597024142E-009
2.0886960597024142E-009
2.0886960597024142E-009
2.0886960597024142E-009
2.0886960597024142E-009
2.0886960597024142E-009
2.0886960597024142E-009
2.0886960597024142E-009
2.0886960597024142E-009
2.0886960597024142E-009
2.0886960597024142E-009
2.0886960597024142E-009
2.0886960597024142E-009
2.0886960597024142E-009
2.0886960597024142E-009
2.0886960597024142E-009
2.0886960597024142E-009
2.0886960597024142E-009
2.0886960597024142E-009
2.0886960597024142E-009
2.0886960597024142E-009
2.0886960597024142E-009
2.0886960597024142E-009
2.0886960597024142E-009
2.0886960597024142E-009
2.0886960597024142E-009
2.0886960597024142E-009
2.0886960597024142E-009
2.0886960597024142E-009
2.0886960597024142E-009
2.0886960597024142E-009
2.0886960597024142E-009
2.0886960597024142E-009
2.0886960597024142E-009
2.0886960597024142E-009
2.0886960597024142E-009
2.0886960597024142E-009
2.0886960597024142E-009
2.0886960597024142E-009
2.0886960597024142E-009
2.0886960597024142E-009
2.0886960597024142E-009
2.0886960597024142E-009
2.0886960597024142E-009
2.0886960597024142E-009
2.0886960597024142E-009
2.0886960597024142E-009
2.0886960597024142E-009
2.0886960597024142E-009
2.0886960597024142E-009
2.0886960597024142E-009
2.0886960597024142E-009
2.0886960597024142E-009
2.0886960597024142E-009
2.0886960597024142E-009
2.0886960597024142E-009
2.0886960597024142E-009
2.0886960597024142E-009
2.0886960597024142E-009
1.6639494363963785E-005
7.9940342436882124E-006
3.4152457264721891E-006
8.4257216565265839E-007
3.3386900038595023E-007
4.6348169403699791E-008
5.2693333787423155E-009
5.2693333787423155E-009
5.2693333787423155E-009
5.2693333787423155E-009
5.2693333787423155E-009
5.2693333787423155E-009
5.2693333787423155E-009
5.2693333787423155E-009
5.2693333787423155E-009
5.2693333787423155E-009
5.2693333787423155E-009
5.2693333787423155E-009
5.2693333787423155E-009
5.2693333787423155E-009
5.2693333787423155E-009
5.2693333787423155E-009
5.2693333787423155E-009
5.2693333787423155E-009
5.2693333787423155E-009
5.2693333787423155E-009
5.2693333787423155E-009
5.2693333787423155E-009
5.2693333787423155E-009
5.2693333787423155E-009
5.2693333787423155E-009
5.2693333787423155E-009
5.2693333787423155E-009
5.2693333787423155E-009
5.2693333787423155E-009
5.2693333787423155E-009
5.2693333787423155E-009
5.2693333787423155E-009
5.2693333787423155E-009
5.2693333787423155E-009
5.2693333787423155E-009
5.2693333787423155E-009
5.2693333787423155E-009
5.2693333787423155E-009
5.2693333787423155E-009
5.2693333787423155E-009
5.2693333787423155E-009
5.2693333787423155E-009
5.2693333787423155E-009
5.2693333787423155E-009
5.2693333787423155E-009
5.2693333787423155E-009
5.2693333787423155E-009
5.2693333787423155E-009
5.2693333787423155E-009
5.2693333787423155E-009
5.2693333787423155E-009
5.2693333787423155E-009
5.2693333787423155E-009
5.2693333787423155E-009
5.2693333787423155E-009
5.2693333787423155E-009
5.2693333787423155E-009
5.2693333787423155E-009
5.2693333787423155E-009
5.2693333787423155E-009
5.2693333787423155E-009
5.2693333787423155E-009
5.2693333787423155E-009
5.2693333787423155E-009
5.2693333787423155E-009
5.2693333787423155E-009
5.2693333787423155E-009
5.2693333787423155E-009
5.2693333787423155E-009
5.2693333787423155E-009
5.2693333787423155E-009
5.2693333787423155E-009
5.2693333787423155E-009
5.2693333787423155E-009
5.2693333787423155E-009
5.2693333787423155E-009
5.2693333787423155E-009
5.2693333787423155E-009
5.2693333787423155E-009
5.2693333787423155E-009
5.2693333787423155E-009
5.2693333787423155E-009
5.2693333787423155E-009
5.2693333787423155E-009
5.2693333787423155E-009
5.2693333787423155E-009
5.2693333787423155E-009
5.2693333787423155E-009
5.2693333787423155E-009
5.2693333787423155E-009
5.2693333787423155E-009
5.2693333787423155E-009
5.2693333787423155E-009
5.2693333787423155E-009
5.2693333787423155E-009
5.2693333787423155E-009
5.2693333787423155E-009
5.2693333787423155E-009
5.2693333787423155E-009
5.2693333787423155E-009
5.2693333787423155E-009
5.2693333787423155E-009
5.2693333787423155E-009
5.2693333787423155E-009
5.2693333787423155E-009
5.2693333787423155E-009
5.2693333787423155E-009
5.2693333787423155E-009
5.2693333787423155E-009
5.2693333787423155E-009
5.2693333787423155E-009
5.2693333787423155E-009
5.2693333787423155E-009
5.2693333787423155E-009
5.2693333787423155E-009
5.2693333787423155E-009
5.2693333787423155E-009
5.2693333787423155E-009
5.2693333787423155E-009
5.2693333787423155E-009
5.2693333787423155E-009
5.2693333787423155E-009
5.2693333787423155E-009
5.2693333787423155E-009
5.2693333787423155E-009
5.2693333787423155E-009
5.2693333787423155E-009
5.2693333787423155E-009
5.2693333787423155E-009
5.2693333787423155E-009
5.2693333787423155E-009
5.2693333787423155E-009
5.2693333787423155E-009
5.2693333787423155E-009
5.2693333787423155E-009
5.2693333787423155E-009
5.2693333787423155E-009
5.2693333787423155E-009
5.2693333787423155E-009
5.2693333787423155E-009
5.2693333787423155E-009
5.2693333787423155E-009
5.2693333787423155E-009
5.2693333787423155E-009
5.2693333787423155E-009
5.2693333787423155E-009
5.2693333787423155E-009
5.2693333787423155E-009
5.2693333787423155E-009
5.2693333787423155E-009
5.2693333787423155E-009
5.2693333787423155E-009
5.2693333787423155E-009
5.2693333787423155E-009
5.2693333787423155E-009
5.2693333787423155E-009
5.2693333787423155E-009
5.2693333787423155E-009
5.2693333787423155E-009
5.2693333787423155E-009
5.2693333787423155E-009
5.2693333787423155E-009
5.2693333787423155E-009
5.2693333787423155E-009
5.2693333787423155E-009
5.2693333787423155E-009
5.2693333787423155E-009
5.2693333787423155E-009
5.2693333787423155E-009
5.2693333787423155E-009
5.2693333787423155E-009
5.2693333787423155E-009
5.2693333787423155E-009
5.2693333787423155E-009
5.2693333787423155E-009
5.2693333787423155E-009
5.2693333787423155E-009
5.2693333787423155E-009
5.2693333787423155E-009
5.2693333787423155E-009
5.2693333787423155E-009
5.2693333787423155E-009
5.2693333787423155E-009
5.2693333787423155E-009
5.2693333787423155E-009
5.2693333787423155E-009
5.2693333787423155E-009
5.2693333787423155E-009
5.2693333787423155E-009
5.2693333787423155E-009
5.2693333787423155E-009
5.2693333787423155E-009
5.2693333787423155E-009
5.2693333787423155E-009
5.2693333787423155E-009
5.2693333787423155E-009
5.2693333787423155E-009
5.2693333787423155E-009
5.2693333787423155E-009
5.2693333787423155E-009
5.2693333787423155E-009
5.2693333787423155E-009
5.2693333787423155E-009
5.2693333787423155E-009
5.2693333787423155E-009
5.2693333787423155E-009
5.2693333787423155E-009
5.2693333787423155E-009
5.2693333787423155E-009
5.2693333787423155E-009
5.2693333787423155E-009
5.2693333787423155E-009
5.2693333787423155E-009
5.2693333787423155E-009
5.2693333787423155E-009
5.2693333787423155E-009
5.2693333787423155E-009
5.2693333787423155E-009
5.2693333787423155E-009
5.2693333787423155E-009
5.2693333787423155E-009
5.2693333787423155E-009
5.2693333787423155E-009
5.2693333787423155E-009
5.2693333787423155E-009
5.2693333787423155E-009
5.2693333787423155E-009
5.2693333787423155E-009
5.2693333787423155E-009
5.2693333787423155E-009
5.2693333787423155E-009
7.4203571173512751E-006
3.5535613948146692E-006
1.5182902190280994E-006
3.7471214258478634E-007
1.4842890814815392E-007
2.0593637838815764E-008
2.3423289244201180E-009
2.3423289244201180E-009
2.3423289244201180E-009
2.3423289244201180E-009
2.3423289244201180E-009
2.3423289244201180E-009
2.3423289244201180E-009
2.3423289244201180E-009
2.3423289244201180E-009
2.3423289244201180E-009
2.3423289244201180E-009
2.3423289244201180E-009
2.3423289244201180E-009
2.3423289244201180E-009
2.3423289244201180E-009
2.3423289244201180E-009
2.3423289244201180E-009
2.3423289244201180E-009
2.3423289244201180E-009
2.3423289244201180E-009
2.3423289244201180E-009
2.3423289244201180E-009
2.3423289244201180E-009
2.3423289244201180E-009
2.3423289244201180E-009
2.3423289244201180E-009
2.3423289244201180E-009
2.3423289244201180E-009
2.3423289244201180E-009
2.3423289244201180E-009
2.3423289244201180E-009
2.3423289244201180E-009
2.3423289244201180E-009
2.3423289244201180E-009
2.3423289244201180E-009
2.3423289244201180E-009
2.3423289244201180E-009
2.3423289244201180E-009
2.3423289244201180E-009
2.3423289244201180E-009
2.3423289244201180E-009
2.3423289244201180E-009
2.3423289244201180E-009
2.3423289244201180E-009
2.3423289244201180E-009
2.3423289244201180E-009
2.3423289244201180E-009
2.3423289244201180E-009
2.3423289244201180E-009
2.3423289244201180E-009
2.3423289244201180E-009
2.3423289244201180E-009
2.3423289244201180E-009
2.3423289244201180E-009
2.3423289244201180E-009
2.3423289244201180E-009
2.3423289244201180E-009
2.3423289244201180E-009
2.3423289244201180E-009
2.3423289244201180E-009
2.3423289244201180E-009
2.3423289244201180E-009
2.3423289244201180E-009
2.3423289244201180E-009
2.3423289244201180E-009
2.3423289244201180E-009
2.3423289244201180E-009
2.3423289244201180E-009
2.3423289244201180E-009
2.3423289244201180E-009
2.3423289244201180E-009
2.3423289244201180E-009
2.3423289244201180E-009
2.3423289244201180E-009
2.3423289244201180E-009
2.3423289244201180E-009
2.3423289244201180E-009
2.3423289244201180E-009
2.3423289244201180E-009
2.3423289244201180E-009
2.3423289244201180E-009
2.3423289244201180E-009
2.3423289244201180E-009
2.3423289244201180E-009
2.3423289244201180E-009
2.3423289244201180E-009
2.3423289244201180E-009
2.3423289244201180E-009
2.3423289244201180E-009
2.3423289244201180E-009
2.3423289244201180E-009
2.3423289244201180E-009
2.3423289244201180E-009
2.3423289244201180E-009
2.3423289244201180E-009
2.3423289244201180E-009
2.3423289244201180E-009
2.3423289244201180E-009
2.3423289244201180E-009
2.3423289244201180E-009
2.3423289244201180E-009
2.3423289244201180E-009
2.3423289244201180E-009
2.3423289244201180E-009
2.3423289244201180E-009
2.3423289244201180E-009
2.3423289244201180E-009
2.3423289244201180E-009
2.3423289244201180E-009
2.3423289244201180E-009
2.3423289244201180E-009
2.3423289244201180E-009
2.3423289244201180E-009
2.3423289244201180E-009
2.3423289244201180E-009
2.3423289244201180E-009
2.3423289244201180E-009
2.3423289244201180E-009
2.3423289244201180E-009
2.3423289244201180E-009
2.3423289244201180E-009
2.3423289244201180E-009
2.3423289244201180E-009
2.3423289244201180E-009
2.3423289244201180E-009
2.3423289244201180E-009
2.3423289244201180E-009
2.3423289244201180E-009
2.3423289244201180E-009
2.3423289244201180E-009
2.3423289244201180E-009
2.3423289244201180E-009
2.3423289244201180E-009
2.3423289244201180E-009
2.3423289244201180E-009
2.3423289244201180E-009
2.3423289244201180E-009
2.3423289244201180E-009
2.3423289244201180E-009
2.3423289244201180E-009
2.3423289244201180E-009
2.3423289244201180E-009
2.3423289244201180E-009
2.3423289244201180E-009
2.3423289244201180E-009
2.3423289244201180E-009
2.3423289244201180E-009
2.3423289244201180E-009
2.3423289244201180E-009
2.3423289244201180E-009
2.3423289244201180E-009
2.3423289244201180E-009
2.3423289244201180E-009
2.3423289244201180E-009
2.3423289244201180E-009
3.3132330032807438E-006
1.5819042763606269E-006
6.7591742071780657E-007
1.6683172882642198E-007
6.6045347939043312E-008
9.1620401243531360E-009
9.1620401243531360E-009
9.1620401243531360E-009
9.1620401243531360E-009
9.1620401243531360E-009
9.1620401243531360E-009
9.1620401243531360E-009
9.1620401243531360E-009
9.1620401243531360E-009
9.1620401243531360E-009
9.1620401243531360E-009
9.1620401243531360E-009
9.1620401243531360E-009
9.1620401243531360E-009
9.1620401243531360E-009
9.1620401243531360E-009
9.1620401243531360E-009
9.1620401243531360E-009
9.1620401243531360E-009
9.1620401243531360E-009
9.1620401243531360E-009
9.1620401243531360E-009
9.1620401243531360E-009
9.1620401243531360E-009
9.1620401243531360E-009
9.1620401243531360E-009
9.1620401243531360E-009
9.1620401243531360E-009
9.1620401243531360E-009
9.1620401243531360E-009
9.1620401243531360E-009
9.1620401243531360E-009
9.1620401243531360E-009
9.1620401243531360E-009
9.1620401243531360E-009
9.1620401243531360E-009
9.1620401243531360E-009
9.1620401243531360E-009
9.1620401243531360E-009
9.1620401243531360E-009
9.1620401243531360E-009
9.1620401243531360E-009
9.1620401243531360E-009
9.1620401243531360E-009
9.1620401243531360E-009
9.1620401243531360E-009
9.1620401243531360E-009
9.1620401243531360E-009
9.1620401243531360E-009
9.1620401243531360E-009
9.1620401243531360E-009
9.1620401243531360E-009
9.1620401243531360E-009
9.1620401243531360E-009
9.1620401243531360E-009
9.1620401243531360E-009
9.1620401243531360E-009
9.1620401243531360E-009
9.1620401243531360E-009
9.1620401243531360E-009
9.1620401243531360E-009
9.1620401243531360E-009
9.1620401243531360E-009
9.1620401243531360E-009
9.1620401243531360E-009
9.1620401243531360E-009
9.1620401243531360E-009
9.1620401243531360E-009
9.1620401243531360E-009
9.1620401243531360E-009
9.1620401243531360E-009
9.1620401243531360E-009
9.1620401243531360E-009
9.1620401243531360E-009
9.1620401243531360E-009
9.1620401243531360E-009
9.1620401243531360E-009
9.1620401243531360E-009
9.1620401243531360E-009
9.1620401243531360E-009
9.1620401243531360E-009
9.1620401243531360E-009
9.1620401243531360E-009
9.1620401243531360E-009
9.1620401243531360E-009
9.1620401243531360E-009
9.1620401243531360E-009
9.1620401243531360E-009
9.1620401243531360E-009
9.1620401243531360E-009
9.1620401243531360E-009
9.1620401243531360E-009
9.1620401243531360E-009
9.1620401243531360E-009
9.1620401243531360E-009
9.1620401243531360E-009
9.1620401243531360E-009
9.1620401243531360E-009
9.1620401243531360E-009
9.1620401243531360E-009
9.1620401243531360E-009
9.1620401243531360E-009
9.1620401243531360E-009
9.1620401243531360E-009
9.1620401243531360E-009
9.1620401243531360E-009
9.1620401243531360E-009
1.4825262226873635E-006
7.0828304283234472E-007
3.0265142404146507E-007
7.4722255316640064E-008
2.9591456964994636E-008
4.1031533545186136E-009
4.1031533545186136E-009
4.1031533545186136E-009
4.1031533545186136E-009
4.1031533545186136E-009
4.1031533545186136E-009
4.1031533545186136E-009
4.1031533545186136E-009
4.1031533545186136E-009
4.1031533545186136E-009
4.1031533545186136E-009
4.1031533545186136E-009
4.1031533545186136E-009
4.1031533545186136E-009
4.1031533545186136E-009
4.1031533545186136E-009
4.1031533545186136E-009
4.1031533545186136E-009
4.1031533545186136E-009
4.1031533545186136E-009
4.1031533545186136E-009
4.1031533545186136E-009
4.1031533545186136E-009
4.1031533545186136E-009
4.1031533545186136E-009
4.1031533545186136E-009
4.1031533545186136E-009
4.1031533545186136E-009
4.1031533545186136E-009
4.1031533545186136E-009
4.1031533545186136E-009
4.1031533545186136E-009
4.1031533545186136E-009
4.1031533545186136E-009
4.1031533545186136E-009
4.1031533545186136E-009
4.1031533545186136E-009
4.1031533545186136E-009
4.1031533545186136E-009
4.1031533545186136E-009
4.1031533545186136E-009
4.1031533545186136E-009
4.1031533545186136E-009
4.1031533545186136E-009
4.1031533545186136E-009
4.1031533545186136E-009
4.1031533545186136E-009
4.1031533545186136E-009
4.1031533545186136E-009
4.1031533545186136E-009
4.1031533545186136E-009
4.1031533545186136E-009
4.1031533545186136E-009
4.1031533545186136E-009
4.1031533545186136E-009
4.1031533545186136E-009
4.1031533545186136E-009
4.1031533545186136E-009
4.1031533545186136E-009
6.6472641834143292E-007
3.1731603567648742E-007
1.3559199147305782E-007
3.3476990985364816E-008
1.3255225290483561E-008
1.8379488334177012E-009
1.8379488334177012E-009
1.8379488334177012E-009
1.8379488334177012E-009
1.8379488334177012E-009
1.8379488334177012E-009
1.8379488334177012E-009
1.8379488334177012E-009
1.8379488334177012E-009
1.8379488334177012E-009
1.8379488334177012E-009
1.8379488334177012E-009
1.8379488334177012E-009
1.8379488334177012E-009
1.8379488334177012E-009
1.8379488334177012E-009
1.8379488334177012E-009
1.8379488334177012E-009
1.8379488334177012E-009
1.8379488334177012E-009
1.8379488334177012E-009
1.8379488334177012E-009
1.8379488334177012E-009
1.8379488334177012E-009
1.8379488334177012E-009
1.8379488334177012E-009
1.8379488334177012E-009
1.8379488334177012E-009
1.8379488334177012E-009
1.8379488334177012E-009
1.8379488334177012E-009
1.8379488334177012E-009
1.8379488334177012E-009
2.7396621188047521E-007
1.3078931670902629E-007
5.5885041669527105E-008
1.3798101718688285E-008
5.4629635589403101E-009
5.4629635589403101E-009
5.4629635589403101E-009
5.4629635589403101E-009
5.4629635589403101E-009
5.4629635589403101E-009
5.4629635589403101E-009
5.4629635589403101E-009
5.4629635589403101E-009
5.4629635589403101E-009
5.4629635589403101E-009
5.4629635589403101E-009
5.4629635589403101E-009
5.4629635589403101E-009
5.4629635589403101E-009
1.4196066470543957E-007
6.7753692238391646E-008
2.8960969337341188E-008
7.1765041818548886E-009
7.1765041818548886E-009
7.1765041818548886E-009
7.1765041818548886E-009
7.1765041818548886E-009
7.1765041818548886E-009
7.1765041818548886E-009
7.1765041818548886E-009
7.1765041818548886E-009
7.1765041818548886E-009
7.1765041818548886E-009
7.1765041818548886E-009
7.1765041818548886E-009
7.1765041818548886E-009
7.1765041818548886E-009
7.1765041818548886E-009
7.1765041818548886E-009
7.1765041818548886E-009
7.1765041818548886E-009
7.1765041818548886E-009
7.1765041818548886E-009
7.1765041818548886E-009
7.1765041818548886E-009
7.1765041818548886E-009
7.1765041818548886E-009
7.1765041818548886E-009
7.1765041818548886E-009
7.1765041818548886E-009
7.1765041818548886E-009
7.1765041818548886E-009
7.1765041818548886E-009
7.1765041818548886E-009
7.1765041818548886E-009
7.1765041818548886E-009
