0.000000000000000
0.000000000000000
0.000000000000000
0.000000000000000
0.000000000000000
0.000000000000000
0.000000000000000
0.000000000000000
0.000000000000000
0.000000000000000
4.0158412452647842E-003
3.8248110581356144E-003
7.1473498210990929E-002
4.5298229943540889E-016
3.4683818643579899E-016
3.4683818643579899E-016
3.4683818643579899E-016
3.4683818643579899E-016
3.4683818643579899E-016
3.4683818643579899E-016
3.4683818643579899E-016
3.4683818643579899E-016
3.4683818643579899E-016
5.9752596002509469E-004
5.6445597897739020E-004
9.6229021134293050E-003
4.4257245033593589E-016
4.4474568847420295E-016
4.4474568847420295E-016
4.4474568847420295E-016
4.4474568847420295E-016
4.4474568847420295E-016
4.4474568847420295E-016
4.4474568847420295E-016
4.4474568847420295E-016
6.2594809741901790E-005
5.9099959902290539E-005
9.9940206700825846E-004
5.7603752286550237E-016
5.9297170990188122E-016
5.9297170990188122E-016
5.9297170990188122E-016
5.9297170990188122E-016
5.9297170990188122E-016
5.9297170990188122E-016
5.9297170990188122E-016
6.2302227692501297E-006
5.8821119782500306E-006
9.9391451819177433E-005
1.4154055606460420E-015
1.3565101562065044E-015
1.3565101562065044E-015
1.3565101562065044E-015
1.3565101562065044E-015
1.3565101562065044E-015
1.3565101562065044E-015
1.3565101562065044E-015
6.1676663450861772E-007
5.8230259158396452E-007
9.8385528417896571E-006
7.2421570653278696E-016
7.2421570653278696E-016
7.2421570653278696E-016
7.2421570653278696E-016
7.2421570653278696E-016
6.1038505701170776E-008
5.7627736370355535E-008
9.7366769546096138E-007
