0.000000000000000
1.2819397013600740E-002
4.5936129067327448E-003
2.0456316002680293E-003
1.0222029790189102E-004
2.7896442306435118E-005
3.6606354100145318E-006
1.6214475256004596E-007
1.8015754980643933E-008
7.5454644036513325E-010
7.5454644036513325E-010
7.5454644036513325E-010
7.5454644036513325E-010
7.5454644036513325E-010
7.5454644036513325E-010
3.1998392596461977E-003
1.4145130099187371E-003
4.2373225346524197E-004
3.5509250634708898E-005
1.0728327526067568E-005
6.5676801562462552E-007
3.8038674204128590E-008
9.1857711151749157E-010
9.1857711151749157E-010
9.1857711151749157E-010
9.1857711151749157E-010
9.1857711151749157E-010
9.1857711151749157E-010
3.5882973771150480E-004
1.6244974990603617E-004
4.6055777740642754E-005
3.7826205388894860E-006
1.1644798079201769E-006
7.5851751334519668E-008
4.4565961179478408E-009
4.4565961179478408E-009
4.4565961179478408E-009
4.4565961179478408E-009
4.4565961179478408E-009
4.4565961179478408E-009
3.6040771377170581E-005
1.6375003099096373E-005
4.5961651974061269E-006
3.7556072614035965E-007
1.1604707881913003E-007
7.6754623007087145E-009
7.6754623007087145E-009
7.6754623007087145E-009
7.6754623007087145E-009
7.6754623007087145E-009
7.6754623007087145E-009
3.5712106195170644E-006
1.6231496407575086E-006
4.5512127170801358E-007
3.7158965332129991E-008
1.1487959343207301E-008
7.6102172733256295E-010
7.6102172733256295E-010
7.6102172733256295E-010
7.6102172733256295E-010
7.6102172733256295E-010
3.5337921478393292E-007
1.6062031106358569E-007
4.5032059967942551E-008
3.6764887850791366E-009
3.6764887850791366E-009
3.6764887850791366E-009
3.6764887850791366E-009
