0.000000000000000
0.000000000000000
0.000000000000000
0.000000000000000
0.000000000000000
0.000000000000000
0.000000000000000
0.000000000000000
0.000000000000000
0.000000000000000
0.000000000000000
9.5544475718868996E-002
9.1088808848751188E-002
4.3922424870601322E-002
1.812635686285117
0.4277487224142142
0.1013152904902660
4.4832559207867079E-002
0.3061030909442274
0.3073015927085667
9.9857171428985064E-002
2.9199568665414542E-002
0.1456245228730972
5.7713957174711075E-002
7.9728841677459798E-003
2.7005758399481571E-002
1.0231937645291032E-003
5.8262040370786895E-002
0.4440176035465230
7.2779877007774371E-002
9.4177149423815193E-002
8.0423875297657071E-002
3.1721598115645316E-002
0.3452178874299623
7.6749723279390836E-002
1.1761152128613544E-002
2.0231352759906767E-002
1.1895290412470658E-002
1.8980839992702624E-002
0.2162012578441067
0.2309092067414512
3.7435741769846299E-002
0.1280199741546812
6.5475279984296503E-002
0.2452478081740845
2.7572196299170417E-003
2.4332391910890112E-002
5.1430790020213404E-002
4.0868215348761928E-003
4.6866534516546718E-003
2.1351405182782226E-003
7.6991620266301380E-004
2.0119894325559078E-003
4.3850006066514053E-003
1.0239941068771082E-003
8.4559503360226648E-003
3.2463050551746769E-004
3.8075782588528687E-003
1.5107879405929234E-003
1.4717739243269167E-005
7.7141527673046160E-006
1.4040387739734338E-003
2.4515972003482907E-004
1.0351963513587378E-003
3.2391594608083979E-004
4.3587597302451120E-003
6.3535258274659116E-004
5.0471126430270345E-004
1.8683402170344106E-003
7.5295605454189107E-005
6.0230865574968271E-004
4.8271486571854771E-004
2.2844365755914808E-004
6.1564400862772713E-005
1.7658003389104158E-004
4.1713087345766313E-005
6.9174737681647360E-005
1.2152091757001606E-005
2.2268200136064447E-005
2.4322625127750957E-005
5.7469904674010490E-005
4.3351528873500961E-005
9.4834985372684429E-005
7.0772800980444561E-005
1.3256771670117960E-004
9.4193712801079362E-005
1.3252075870413452E-004
7.7895495720288615E-005
8.5625560665070829E-005
4.1940582164114680E-005
4.2967290801253937E-005
2.0745692285902248E-005
2.4356214921634233E-005
1.5088659287557534E-005
2.1173243044567377E-005
1.4680395694370302E-005
2.0814812134895745E-005
1.4002205180253937E-005
2.0135192435502638E-005
1.3731186503763865E-005
2.0649997026147743E-005
1.4721557548362220E-005
2.1817829473507768E-005
1.5225044985114233E-005
2.0358270610141528E-005
1.2703722806233690E-005
1.5366740657157233E-005
8.6911283648774199E-006
1.0820260141125407E-005
6.6027854678607985E-006
9.6902029663583576E-006
6.9241124564959062E-006
1.0976781873601690E-005
8.0610378822114884E-006
1.2278827662033032E-005
8.7841685006797018E-006
1.2857403430461932E-005
9.2563692737362070E-006
1.3638351905192559E-005
9.7873236028968505E-006
1.4543341440974669E-005
9.8685064140870185E-006
1.4830772459296960E-005
9.3992943696141007E-006
1.4476881110102030E-005
8.7821652158168744E-006
1.3771003120045867E-005
8.2560456962857787E-006
1.2704618914442349E-005
7.6082154155190042E-006
1.0993261376681872E-005
6.4847722062787470E-006
8.6333419166238152E-006
4.9620715816194331E-006
6.2127323227409200E-006
3.5588691307277169E-006
4.4188098219942895E-006
2.7047546898551414E-006
3.5712722970384924E-006
2.5439537595118944E-006
3.6916463628809666E-006
3.0354241458346862E-006
4.5852904868183147E-006
3.9993549566355050E-006
5.8925611469298097E-006
5.1204638429103218E-006
7.1400611574342036E-006
5.9885584066491904E-006
7.9070092666608629E-006
6.3450493147970946E-006
8.0987989405663392E-006
6.2615784653789291E-006
7.9296949911062618E-006
5.9831848362663709E-006
7.6445367307976292E-006
5.6862544280585829E-006
7.3357529728482351E-006
5.3956777739163859E-006
6.9499738345496025E-006
5.0382540180779765E-006
6.3931520603281399E-006
4.5446717131652850E-006
5.6345363996936501E-006
3.9164613727395815E-006
4.7272602437104560E-006
3.2098521878063998E-006
3.7574894476226611E-006
2.4992623460899265E-006
2.8560932967953681E-006
1.9679369424863695E-006
2.4266736647502202E-006
2.0855693342658603E-006
3.0181325302479604E-006
2.9281032547609347E-006
4.2098580393273232E-006
3.8839220152656017E-006
5.2523826495980365E-006
4.4822781157311273E-006
5.7755113074132983E-006
4.5894008282008930E-006
5.7677733610700779E-006
4.3176377406904691E-006
5.3996348758100340E-006
3.8500344969298137E-006
4.8495745528106073E-006
3.3252601659578265E-006
4.2353850608344686E-006
2.8185860812418417E-006
3.6237929023988752E-006
2.3656103433731657E-006
3.0575933368268779E-006
1.9856484203405182E-006
2.5725321762422046E-006
1.6946126465474079E-006
2.2045606909492914E-006
1.5113244145783084E-006
1.9899333404940697E-006
1.4533255377724912E-006
1.9454007693398599E-006
1.5125708084070704E-006
2.0332776975554520E-006
1.6365204388065797E-006
2.1669911386225925E-006
1.7529758546880966E-006
2.2658775906678940E-006
1.8141114694280963E-006
2.2977403185839809E-006
1.8159986780170050E-006
2.2785701345071406E-006
1.7850412889022865E-006
2.2442298532700055E-006
1.7512747154201401E-006
2.2223043767360560E-006
1.7305546736456555E-006
2.2202499798174669E-006
1.7222799185371269E-006
2.2292029154829404E-006
1.7170110123682924E-006
2.2346876907013467E-006
1.7053665614598586E-006
2.2253122498998848E-006
1.6823921923656930E-006
2.1950487203954626E-006
1.6463846928784439E-006
2.1402187012165993E-006
1.5949254213035202E-006
2.0553776610149336E-006
1.5219635532833118E-006
1.9321431867018480E-006
1.4188184646577983E-006
1.7633816353202988E-006
1.2805888059913784E-006
1.5537210415363529E-006
1.1181977486028283E-006
1.3355808239402315E-006
9.7269605372146285E-007
1.1809285171837253E-006
9.1123387136553569E-007
1.1678950804088698E-006
9.6634755413971585E-007
1.2898782025531882E-006
1.0877631502201406E-006
1.4604851076886231E-006
1.2050028740284628E-006
1.6082637113841482E-006
1.2826837932757960E-006
1.7075106038792920E-006
1.3187204658201475E-006
1.7622033700399884E-006
1.3265850917722539E-006
1.7860394723162306E-006
1.3208906139561965E-006
1.7894804557327442E-006
1.3094227997338864E-006
1.7739058683435197E-006
1.2903240645173192E-006
1.7308625852270503E-006
1.2527826041625527E-006
1.6449384375556937E-006
1.1806197501516168E-006
1.4997344187439422E-006
1.0588363030740608E-006
1.2867607481364939E-006
8.8326015337458704E-007
1.0178948256929077E-006
6.7522102772007451E-007
7.4769481409837153E-007
5.1042359244485603E-007
6.1330038645803290E-007
5.2025416755590359E-007
7.3065746004963624E-007
6.8868074596294729E-007
9.6919931471380845E-007
8.7919628339170673E-007
1.1884029164596955E-006
1.0205779298841727E-006
1.3355950396593799E-006
1.0934330009843506E-006
1.4027788213361551E-006
1.1036789652181927E-006
1.4026049142229524E-006
1.0683669543191637E-006
1.3549691928571122E-006
1.0062356796927380E-006
1.2784806167833463E-006
9.3189084847392253E-007
1.1858156720296178E-006
8.5314744394350998E-007
1.0821089042805183E-006
7.7069203414286756E-007
9.6555865140684936E-007
6.7953295446903340E-007
8.3022126327875977E-007
5.7278859568867449E-007
6.7248926736712880E-007
4.5023165645105669E-007
5.0584221403530552E-007
3.3819123375625474E-007
3.9347392581155162E-007
3.1504274712286145E-007
4.3635194198685687E-007
4.1258145151520485E-007
5.8986408421465404E-007
5.4310802967415728E-007
7.4378548986721643E-007
6.4345203468147742E-007
8.4935037635766809E-007
6.9499274128166413E-007
8.9881988566676179E-007
7.0297279188291386E-007
9.0342575805780984E-007
6.8217341043344021E-007
8.7957857304412576E-007
6.4740880047752349E-007
8.4091263872270838E-007
6.0877376059729026E-007
7.9512165289197556E-007
5.7036124128317559E-007
7.4367137433717438E-007
5.3073503220324352E-007
6.8291273723134968E-007
4.8431428257514458E-007
6.0628683599478304E-007
4.2396013585121957E-007
5.0841276358681680E-007
3.4599710862411494E-007
3.9295060441255052E-007
2.6036857998986306E-007
2.8916783620310857E-007
2.0985810398939846E-007
2.6893559249021176E-007
2.4664593385666918E-007
3.5084193841734099E-007
3.3130056585625353E-007
4.5634768940211488E-007
4.0687795758266433E-007
5.3677269855840589E-007
4.5185197182302096E-007
5.7935588644435473E-007
4.6503795098236913E-007
5.8788282161393547E-007
4.5417852901691421E-007
5.7214725104940000E-007
4.2901184697078899E-007
5.4193760299338349E-007
3.9743086139329892E-007
5.0421082485481259E-007
3.6405581215210461E-007
4.6238971851715394E-007
3.3024452584521117E-007
4.1680301383861566E-007
2.9481725312062938E-007
3.6576393437996298E-007
2.5530096109342605E-007
3.0737309220880572E-007
2.1004936510945770E-007
2.4279047177730142E-007
1.6234262486208311E-007
1.8291994975121695E-007
1.2835088801287832E-007
1.5779436420667584E-007
1.3512732613520814E-007
1.8872795251735982E-007
1.7584224147942213E-007
2.4470246803834187E-007
2.1969390438007690E-007
2.9382401581707675E-007
2.4997420564323615E-007
3.2386518971329070E-007
2.6261250929217548E-007
3.3399268673945907E-007
2.6022114531978840E-007
3.2861394792609447E-007
2.4794435961429923E-007
3.1339735095685062E-007
2.3071633196538875E-007
2.9300143050510966E-007
2.1192702107922314E-007
2.7021139524153252E-007
1.9312226816587649E-007
2.4594072222166473E-007
1.7424663427426978E-007
2.1965850450027595E-007
1.5414259089627378E-007
1.9007438650087031E-007
1.3130019412173826E-007
1.5621908415609779E-007
1.0512414038752383E-007
1.1942774788657420E-007
7.8523924985130722E-008
8.7809360537401640E-008
6.3248098149633224E-008
8.1452558177838081E-008
7.4179742941667515E-008
1.0654381716899939E-007
1.0090176067478419E-007
1.4091725897850853E-007
1.2675764712143013E-007
1.6947738006187150E-007
1.4437820660533652E-007
1.8702640705978739E-007
1.5209902167726691E-007
1.9337710641469443E-007
1.5128213037574123E-007
1.9075500424321360E-007
1.4454115243588132E-007
1.8206826673603357E-007
1.3448335930921915E-007
1.6982522985136775E-007
1.2301383052965469E-007
1.5564097336255876E-007
1.1110410484808431E-007
1.4016063965744389E-007
9.8855593581030801E-008
1.2323662139012107E-007
8.5744816805622127E-008
1.0431696056070293E-007
7.1093968131527849E-008
8.3186812957972977E-008
5.5030746734368225E-008
6.1644786932246789E-008
4.0836958317368796E-008
4.7565962150452730E-008
3.8346617245955617E-008
5.3702293307820750E-008
5.1554532458459286E-008
7.4221246535619609E-008
6.9445008442024620E-008
9.5211012909485013E-008
8.3893890520412286E-008
1.1005320760942453E-007
9.1832961012256901E-008
1.1695331605314501E-007
9.3193260132673626E-008
1.1678684479131433E-007
8.9554631663160989E-008
1.1162480643027500E-007
8.2977285413440055E-008
1.0361428749233799E-007
7.5202674071851949E-008
9.4351713688960494E-008
6.7314303199628120E-008
8.4705386216946407E-008
5.9726985880857767E-008
7.4911140607596287E-008
5.2351391058428497E-008
6.4808748629289199E-008
4.4858366832727118E-008
5.4214991565547699E-008
3.7101378852873587E-008
4.3568383774491884E-008
2.9898312695455502E-008
3.5107963908802074E-008
2.6124687623828437E-008
3.3435272455662329E-008
2.9008081961030430E-008
4.0047868362177497E-008
3.6578010314923973E-008
4.9976081543378597E-008
4.4362476235253670E-008
5.8499550887286735E-008
4.9648871386122840E-008
6.3500319141644196E-008
5.1614261457270103E-008
6.4743301360020389E-008
5.0672373292751589E-008
6.3033309168539283E-008
4.7807623173412945E-008
5.9504046207984701E-008
4.4035056332266297E-008
5.5150030451883068E-008
4.0106140176080779E-008
5.0622673472683541E-008
3.6424310036558420E-008
4.6211843638042037E-008
3.3083137169582805E-008
4.1917786418103433E-008
2.9952006317599276E-008
3.7565478089195163E-008
2.6794815490712381E-008
3.2967904789446880E-008
2.3454727167937443E-008
2.8197013090199137E-008
2.0154506075784103E-008
2.4003778254615089E-008
1.7869163423429549E-008
2.2053322472357193E-008
1.8014889150192478E-008
2.3619719128626683E-008
2.0656176751350156E-008
2.7588149074300234E-008
2.4156096761212567E-008
3.1773104046267708E-008
2.6989378765064797E-008
3.4795430794514416E-008
2.8499919562419988E-008
3.6263812515178798E-008
2.8717952694536696E-008
3.6389621355362474E-008
2.8014980153418988E-008
3.5608708119731447E-008
2.6822872229438495E-008
3.4332961336317077E-008
2.5473053564881084E-008
3.2827837586312327E-008
2.4134955115673380E-008
3.1180178284687260E-008
2.2810731821411066E-008
2.9312197902987846E-008
2.1361177436829071E-008
2.7027478510652617E-008
1.9560957972443519E-008
2.4103268500725793E-008
1.7212487801939142E-008
2.0468325344477781E-008
1.4358870111574611E-008
1.6526358786838859E-008
1.1655180570650036E-008
1.3637600359345748E-008
1.0635170984053805E-008
1.3774453614315918E-008
1.2236928084769606E-008
1.6741433358036112E-008
1.5124519544431162E-008
2.0386393993614144E-008
1.7730892939013222E-008
2.3287258299339691E-008
1.9378293061770583E-008
2.4999180553285159E-008
2.0007021680912871E-008
2.5605618547721668E-008
1.9848763034042064E-008
2.5391790109985073E-008
1.9204320556292115E-008
2.4649710597716816E-008
1.8316859548703307E-008
2.3579634341824979E-008
1.7316947142898040E-008
2.2258614548068659E-008
1.6215367725063112E-008
2.0646496994492977E-008
1.4922414563638592E-008
1.8625811807452643E-008
1.3296473157669223E-008
1.6078596313775475E-008
1.1243208534471715E-008
1.3042752034699064E-008
8.9038612165164777E-009
8.9038612165164777E-009
8.9038612165164777E-009
8.9038612165164777E-009
8.9038612165164777E-009
8.9038612165164777E-009
8.9038612165164777E-009
8.9038612165164777E-009
8.9038612165164777E-009
8.9038612165164777E-009
2.0378212345485735E-005
1.9678691589802008E-005
1.8898972943420143E-003
9.2683463930859637E-005
4.9741109836036945E-004
2.2125856468915182E-003
8.7500221646586392E-005
1.0766918426120520E-004
4.4781478106041991E-005
1.1868355399790406E-004
2.7642039052508268E-005
1.1063880441948325E-004
1.6444873050288829E-005
8.0180231523243768E-005
1.8799494981389271E-005
1.2229969547579534E-004
1.6992188656205566E-005
2.2302763172018337E-004
9.3147909644775521E-006
3.3055665593702456E-004
2.0945873213514697E-005
3.0727396465223981E-004
5.7184544436351167E-006
4.1767259705584019E-005
4.1972990254293108E-006
6.8379565107076195E-005
8.5238769501578372E-006
4.8691083745699264E-005
4.7423762393415995E-006
1.8264033483526749E-005
1.6443742447126821E-006
1.0387037752880290E-005
1.8853753548650688E-006
1.2353032496368067E-005
3.0946114034960995E-006
1.1992949823229106E-005
2.6410922184607507E-006
8.2213914299847909E-006
1.6469201775875155E-006
5.1353540112473405E-006
1.6044063632725948E-006
5.1016822699053518E-006
2.0654070664028401E-006
5.7523366045981393E-006
1.8686908785038770E-006
5.5884760061716423E-006
1.6685041078429305E-006
5.3761378859372675E-006
1.7809145777631168E-006
4.3219700165943308E-006
1.2863858140162894E-006
2.0137279170298823E-006
1.0503087860911577E-006
2.4953219859526868E-006
1.6971065444800077E-006
3.6350907148578179E-006
1.8155984643997053E-006
3.9896297670647023E-006
1.6624384371858555E-006
3.6430500645326342E-006
1.3148846059406018E-006
2.7721944619577643E-006
8.8106043698497583E-007
1.7689610013824752E-006
5.1098081171894856E-007
9.9952135512625279E-007
4.1497129462899888E-007
1.0273334067757769E-006
6.1573786425906144E-007
1.5201202282802266E-006
8.3247320814153770E-007
2.0199805879562736E-006
1.0690602242795666E-006
2.4923690584718400E-006
1.3269072207046741E-006
2.7715157264888817E-006
1.4402756957832738E-006
2.6095993985542443E-006
1.2592757993638569E-006
2.0219477570447415E-006
8.7290142207159971E-007
1.2844115053616164E-006
4.9040863676190527E-007
7.1068912085679696E-007
3.3527888846008793E-007
6.4364516501348509E-007
4.3261262131132811E-007
8.7617946531565108E-007
5.3456461708472564E-007
1.0621467658716370E-006
5.8508259422619854E-007
1.1665645998548652E-006
6.0753187131795954E-007
1.2260314371013466E-006
6.2818667196256751E-007
1.2717114134271213E-006
6.5779121370542034E-007
1.3068481001483338E-006
6.8547214857501384E-007
1.3043121977802747E-006
6.8387014611513438E-007
1.2286863290478873E-006
6.3061218075018963E-007
1.0701852159734530E-006
5.2889102325511306E-007
8.5472315170760387E-007
4.0341432772997798E-007
6.2571449794218722E-007
2.8538308787556023E-007
4.3574419763931457E-007
2.1431263871330093E-007
3.5727870025121925E-007
2.2237109780576982E-007
4.0544561417228041E-007
2.7096188171581487E-007
4.8541357195350778E-007
3.0852429258257731E-007
5.3306493450315513E-007
3.1695505414399254E-007
5.3526623520457709E-007
2.9880160512465090E-007
5.0276157054324544E-007
2.6562653468981019E-007
4.5439683299490774E-007
2.3032339363418893E-007
4.0781363095937475E-007
2.0258088353355659E-007
3.7487984078852169E-007
1.8764382008509057E-007
3.6107192499226626E-007
1.8717946350287798E-007
3.6648043197196386E-007
1.9991319191892106E-007
3.8574566766098828E-007
2.2057231313671283E-007
4.0680352051549946E-007
2.3851617618062225E-007
4.1211786711885842E-007
2.4010454757060006E-007
3.8611855788104082E-007
2.1645201853419030E-007
3.2533920778679277E-007
1.7050887916419354E-007
2.4224982104162032E-007
1.1721059416177752E-007
1.6360753209881774E-007
8.2430542726442996E-008
1.3427295847086030E-007
9.0546648088362997E-008
1.7275990474321981E-007
1.2159140089953254E-007
2.3460235095632640E-007
1.5301511223305432E-007
2.9399163610349986E-007
1.7956670709520886E-007
3.4401088279744403E-007
2.0108680271322504E-007
3.8192224996467367E-007
2.1730102737354723E-007
4.0463984535067870E-007
2.2632626719807495E-007
4.0831138237354594E-007
2.2518093005707368E-007
3.8987025685642243E-007
2.1138248876664714E-007
3.4883718870955501E-007
1.8435414945654954E-007
2.8804347395532916E-007
1.4595407181472558E-007
2.1368086890907601E-007
1.0110155911995750E-007
1.3739449891301528E-007
6.2235355974715969E-008
8.8763444303046188E-008
5.8620476930965850E-008
1.0838226158277119E-007
8.5437182855028883E-008
1.5442352377418343E-007
1.0986706909500269E-007
1.8966317610462792E-007
1.2236807748973149E-007
2.0744031672110053E-007
1.2375276911839479E-007
2.1063844977470901E-007
1.1815316293572671E-007
2.0466976963367199E-007
1.0986330274715496E-007
1.9440274252350537E-007
1.0185758605566210E-007
1.8297104799574651E-007
9.5465740392254895E-008
1.7164731821219792E-007
9.0602303921509597E-008
1.6016266770622421E-007
8.6157996210724177E-008
1.4723252032143742E-007
8.0499377333797132E-008
1.3136177999980275E-007
7.2228916230016049E-008
1.1200339599496581E-007
6.1215250779732106E-008
9.0812152768933798E-008
4.9468251924570516E-008
7.2285504622845988E-008
4.0944997420711884E-008
6.2376153720818951E-008
3.8747408816981668E-008
6.3144654612580729E-008
4.1416880390132881E-008
7.0123463839559004E-008
4.5444710311031035E-008
7.8507766453400870E-008
4.9055457426552188E-008
8.6349839115911536E-008
5.2068870375214816E-008
9.3396102832361341E-008
5.4869448872612962E-008
9.9859336343330335E-008
5.7826657940565507E-008
1.0582311471933136E-007
6.1040431144982260E-008
1.1099766375840440E-007
6.4233608582835257E-008
1.1464238417420979E-007
6.6723228654474659E-008
1.1562113939265546E-007
6.7498722538627403E-008
1.1262690370431339E-007
6.5467770430816111E-008
1.0462555026050825E-007
5.9893334137458981E-008
9.1472360034437378E-008
5.0946364754184599E-008
7.4543773916694505E-008
4.0197855366756872E-008
5.7290689883911164E-008
3.0949928426807580E-008
4.5581145083495041E-008
2.7467703523408753E-008
4.4808282283749755E-008
3.0344244438881938E-008
5.2417890373097947E-008
3.5527603860242394E-008
6.2019281130343926E-008
4.0106477148280997E-008
7.0335427440128300E-008
4.3311006910968647E-008
7.6549272922044491E-008
4.5333108998386394E-008
8.0770526925337110E-008
4.6590737783814705E-008
8.3266891442603198E-008
4.7369720731977521E-008
8.4096995752469498E-008
4.7639522386156671E-008
8.2948992708974393E-008
4.6983210592522640E-008
7.9142365996722101E-008
4.4662562241605197E-008
7.1844982061631236E-008
3.9897500795450636E-008
6.0576096110797392E-008
3.2397838365303887E-008
4.5972975399445061E-008
2.3117609016628054E-008
3.0855337140572402E-008
1.5434863696442733E-008
2.2350031954079639E-008
1.5230518413512258E-008
2.6863894510158743E-008
2.0535003900234030E-008
3.6239987512635932E-008
2.5496999042206414E-008
4.4102303744329786E-008
2.8514825097595372E-008
4.9256522301988397E-008
2.9812402106545328E-008
5.2058552171089762E-008
3.0028791193423362E-008
5.3125428665530262E-008
2.9706084065865591E-008
5.2894434374899042E-008
2.9109424468152935E-008
5.1497294551096790E-008
2.8196599113831807E-008
4.8789191089251629E-008
2.6683405850422338E-008
4.4476575590079450E-008
2.4186626452544144E-008
3.8335098764166474E-008
2.0458736887271747E-008
3.0514927232467510E-008
1.5676826819742637E-008
2.1915730960500004E-008
1.0832089715606312E-008
1.4818816820567376E-008
8.2728983339048360E-009
8.2728983339048360E-009
8.2728983339048360E-009
8.2728983339048360E-009
8.2728983339048360E-009
8.2728983339048360E-009
8.2728983339048360E-009
8.2728983339048360E-009
8.2728983339048360E-009
5.3678955840636926E-006
5.2537105818265046E-006
5.6404502879289753E-004
1.6571008366351399E-005
6.9033206475845767E-005
4.4411445911917849E-005
5.4569424203988246E-005
6.1051300114501049E-005
6.7648328854601523E-005
6.9338287692202437E-005
7.1135740784473601E-005
6.8008939689708062E-005
6.6414556165646880E-005
6.1052805196094937E-005
5.8681345363124258E-005
5.3461771398156786E-005
5.1864661663698756E-005
4.7726227275609828E-005
4.7210738230351209E-005
4.4170284357678076E-005
4.4470505355171737E-005
4.2181896032447954E-005
4.2737710765734952E-005
4.0530738540447690E-005
4.0354665652106698E-005
3.7121971572893846E-005
3.4880027369037332E-005
2.9630630262706241E-005
2.5016618240171702E-005
1.9591103312439057E-005
1.8377440180369622E-005
2.1713900519729505E-005
2.9050850433017090E-005
3.5879771165843050E-005
4.2867231848633331E-005
4.6583895026238505E-005
5.0041993452112151E-005
4.9723637495473082E-005
4.9943225386258796E-005
4.6868263219532514E-005
4.5300583083918568E-005
4.1096490306612925E-005
3.9001195612212654E-005
3.4755596994801977E-005
3.2761540758954468E-005
2.8918148934744965E-005
2.7118746584940609E-005
2.3669273964776775E-005
2.1833239886888558E-005
1.8523126008085411E-005
1.6296073768764610E-005
1.2863377557151188E-005
1.0155366007653506E-005
7.1852511453577772E-006
6.4409233009844961E-006
8.3570768555241453E-006
1.2306305421152740E-005
1.6178924768983463E-005
2.0393426864580168E-005
2.3181861531076894E-005
2.5935326462249434E-005
2.6670248286416570E-005
2.7446440956353965E-005
2.6234860375193070E-005
2.5429870825569915E-005
2.3035974301105041E-005
2.1413307358137270E-005
1.8648141267723215E-005
1.6828932383740360E-005
1.4206177698891831E-005
1.2500855403348214E-005
1.0219834347150388E-005
8.6969756063832262E-006
6.7684126318514308E-006
5.3998853463648287E-006
3.8293282689823884E-006
2.8009396930703876E-006
2.2779395401481631E-006
2.9314312470424520E-006
4.0606497325822887E-006
5.5820773579148805E-006
6.8993076458934985E-006
8.4537418824073798E-006
9.5141100334261511E-006
1.0765161569078150E-005
1.1318637440590793E-005
1.2033637349402406E-005
1.1963010860912437E-005
1.2072466848919315E-005
1.1438405146458359E-005
1.1045603035124162E-005
1.0038991580538796E-005
9.3357427850435501E-006
8.1732050694249535E-006
7.3409701325334971E-006
6.1894240021380461E-006
5.3545296355396271E-006
4.3207168962477142E-006
3.5728861144478716E-006
2.7509228148069714E-006
2.2250467941697539E-006
1.8131242117043628E-006
1.7886894659848394E-006
1.9330611448408990E-006
2.3033165936378255E-006
2.6136243431154707E-006
3.0375240948238307E-006
3.2930327410599146E-006
3.6722144496536913E-006
3.8406845370373724E-006
4.1724685088186904E-006
4.2758474221902928E-006
4.5827855622875909E-006
4.6519485448740340E-006
4.9531337718565145E-006
5.0052643091503502E-006
5.2980597444181935E-006
5.3220182435821236E-006
5.5699881090703910E-006
5.5199142266948584E-006
5.6528542218696703E-006
5.4595427279231097E-006
5.3984727531173782E-006
5.0085124006318227E-006
4.7171603959026846E-006
4.1450821594304178E-006
3.6743499052360967E-006
3.0226010959184890E-006
2.5060251407680623E-006
1.9385378774473598E-006
1.5692232414638260E-006
1.3048502454392124E-006
1.3082733175028525E-006
1.4203656551860591E-006
1.6779234487994540E-006
1.8975884328779105E-006
2.2116079250910598E-006
2.4295961525609090E-006
2.7660146172226289E-006
2.9769807856551975E-006
3.3387623708447847E-006
3.5445120559389469E-006
3.9195015210497431E-006
4.0979474390199138E-006
4.4405780096439903E-006
4.5373917780538073E-006
4.7705843319113453E-006
4.7138173395895197E-006
4.7576622870077244E-006
4.4971431234511945E-006
4.3155768517413552E-006
3.8634405196373409E-006
3.4929200069604477E-006
2.9278239860776883E-006
2.4612311061975181E-006
1.8952815098964715E-006
1.4516059713563668E-006
1.0292007109027070E-006
8.2963992418474556E-007
8.4654447389272469E-007
1.0794488867690509E-006
1.3347984821350138E-006
1.6430353705547284E-006
1.8688152589792392E-006
2.1382503982146413E-006
2.2866176183933299E-006
2.4892284500655624E-006
2.5471867236376339E-006
2.6685048498280019E-006
2.6340676542064233E-006
2.6707331354320403E-006
2.5551865645352601E-006
2.5186454886930883E-006
2.3464585168171058E-006
2.2599014363231654E-006
2.0612618186647352E-006
1.9503340984208843E-006
1.7510870882623448E-006
1.6350900682007752E-006
1.4506713599826793E-006
1.3392293042695850E-006
1.1748647439723441E-006
1.0703511900487808E-006
9.2619220857425808E-007
8.3057882925207383E-007
7.1089572440813138E-007
6.3728338020961480E-007
5.6306238636911302E-007
5.4451458800153865E-007
5.4339783099855785E-007
5.9207592030937710E-007
6.3913127097433849E-007
7.1182095144772974E-007
7.5670163240908323E-007
8.1540286342326688E-007
8.3344436155308437E-007
8.6614895287127955E-007
8.5596100939224206E-007
8.6733261338359864E-007
8.3878231183958765E-007
8.3958968587013263E-007
8.0448275327406926E-007
8.0473319893364359E-007
7.7213868133766980E-007
7.7848518422293429E-007
7.5370893153410613E-007
7.6937714845983047E-007
7.5444120899626195E-007
7.7977260101094850E-007
7.7389568696271735E-007
8.0651200633542649E-007
8.0608679944805382E-007
8.4063518288487455E-007
8.3912711370679365E-007
8.6748633345692582E-007
8.5647178215384246E-007
8.6980814678873000E-007
8.4220330157522936E-007
8.3515424492960235E-007
7.8958470178370539E-007
7.6415715033167282E-007
7.0712266367625482E-007
6.7291151630965746E-007
6.1650013372637554E-007
5.8670971191940048E-007
5.4321442606369356E-007
5.2887615227511199E-007
5.0512034076866602E-007
5.1030081584963186E-007
5.0494980259400594E-007
5.2656034035654231E-007
5.3327681869880400E-007
5.6564579467143701E-007
5.7819288038810185E-007
6.1660214727933295E-007
6.3070277661996010E-007
6.7171437813066015E-007
6.8441500072194540E-007
7.2495826664899554E-007
7.3359485376891218E-007
7.7014869323094805E-007
7.7162845553639435E-007
7.9977097549072897E-007
7.9026220998785800E-007
8.0467369509035700E-007
7.7984701609954068E-007
7.7503791555831636E-007
7.3121780113819445E-007
7.0338547570799434E-007
6.3993876130291127E-007
5.9015262089409034E-007
5.1302665558999733E-007
4.5150145464063243E-007
3.7776757525870183E-007
3.2932813448145740E-007
2.9077609133505264E-007
2.8930939580436183E-007
3.0200845599793790E-007
3.3820370001496106E-007
3.6785155552851455E-007
4.0800075651510640E-007
4.2976690314579380E-007
4.6129734134724309E-007
4.7062608721517143E-007
4.9350202836437342E-007
4.9342470187072376E-007
5.1112821477315932E-007
5.0591434948517153E-007
5.2150510116800272E-007
5.1401867314206611E-007
5.2846675410862456E-007
5.1909913997707419E-007
5.3061247169716368E-007
5.1696838053797567E-007
5.2099887449954743E-007
4.9839038697698498E-007
4.8876972357759161E-007
4.5216616918081552E-007
4.2406249894351721E-007
3.7183545264138255E-007
3.2627059473399307E-007
2.6473730759046428E-007
2.1350704342006710E-007
1.6275779383323073E-007
1.3783422077647353E-007
1.3663485070233202E-007
1.6161510367703601E-007
1.8955140029342738E-007
2.2263152406422304E-007
2.4449731256252902E-007
2.6932698572920004E-007
2.7981324222666350E-007
2.9608342615746546E-007
2.9766926707969085E-007
3.0814594945738962E-007
3.0418053557737026E-007
3.1126616910899899E-007
3.0409468111377035E-007
3.0893100809298839E-007
2.9953738873187775E-007
3.0199305877065889E-007
2.9021243191025091E-007
2.8924239927416602E-007
2.7423190275388463E-007
2.6845393057632287E-007
2.4934211479766551E-007
2.3777028470454399E-007
2.1439650137605206E-007
1.9721321487492586E-007
1.7082352449624284E-007
1.5008549585644029E-007
1.2401807457239987E-007
1.0464383139762300E-007
8.5783950870524281E-008
7.7399437689880411E-008
7.5274516709705410E-008
8.3161033482542851E-008
9.2410464547187129E-008
1.0559585681589429E-007
1.1470950506999494E-007
1.2589696421359625E-007
1.3093609474875346E-007
1.3837688474014067E-007
1.3908417862774270E-007
1.4310144102089428E-007
1.4046855997646546E-007
1.4205229823551622E-007
1.3735223508660989E-007
1.3754092616954357E-007
1.3188357990691789E-007
1.3147529283718445E-007
1.2562553859461806E-007
1.2508111856103951E-007
1.1942877674551344E-007
1.1888036707013119E-007
1.1348935583388127E-007
1.1280363350737366E-007
1.0750240447349217E-007
1.0638145639510121E-007
1.0088767349332827E-007
9.9016973434454647E-008
9.3111354830064488E-008
9.0354880348679543E-008
8.4088885299804862E-008
8.0699711802871229E-008
7.4552113162355600E-008
7.1267027852991431E-008
6.6097045189886368E-008
6.3921461049569452E-008
6.0542239437580761E-008
6.0151166126474698E-008
5.8692191969524948E-008
5.9931325363346241E-008
5.9740066311251606E-008
6.1911749780935030E-008
6.2172065565023287E-008
6.4661440933201523E-008
6.4866828441136009E-008
6.7374937799000438E-008
6.7348630944211169E-008
6.9801310909257407E-008
6.9541513712401992E-008
7.1946255182124458E-008
7.1490431042990934E-008
7.3831594005311140E-008
7.3173728891288642E-008
7.5351387827753272E-008
7.4394943689824615E-008
7.6194378857272936E-008
7.4734579840457796E-008
7.5824615685251188E-008
7.3565963559889979E-008
7.3544367147424425E-008
7.0173890226629596E-008
6.8682084681151914E-008
6.4017982300874294E-008
6.0938903321404064E-008
5.5148075603393144E-008
5.0856790671587075E-008
4.4691684188454725E-008
4.0296515397873062E-008
3.5248268026779971E-008
3.2592772651828334E-008
3.0412957537095094E-008
3.0813111126967875E-008
3.1462272412047345E-008
3.3841885943509291E-008
3.5391253260211447E-008
3.8042371213485271E-008
3.9179415396473649E-008
4.1368971741757762E-008
4.1776120002066775E-008
4.3450383892881903E-008
4.3270379457286375E-008
4.4612074477052079E-008
4.4091778066148341E-008
4.5282889399275407E-008
4.4605092070246015E-008
4.5718550547127654E-008
4.4930905327792175E-008
4.5887240073180427E-008
4.4880530750112115E-008
4.5443187815754630E-008
4.3970876312329149E-008
4.3793888675443454E-008
4.1552269430573810E-008
4.0306263969945096E-008
3.7100898565780458E-008
3.4676987197419623E-008
3.0640388952396236E-008
2.7373673803914893E-008
2.3143197444273430E-008
1.9964861599843070E-008
1.6766574244492398E-008
1.5180174323824243E-008
1.4349427399357736E-008
1.5078663750367321E-008
1.6005348208792095E-008
1.7697051835778364E-008
1.8818505994471025E-008
2.0429701798188063E-008
2.1164520429947310E-008
2.2476211878978510E-008
2.2817218441839224E-008
2.3909090652593637E-008
2.3998881054326133E-008
2.4993350323056983E-008
2.4961288471586176E-008
2.5931150539964678E-008
2.5837091045075048E-008
2.6773778280865972E-008
2.6591976291497045E-008
2.7398011620716826E-008
2.7018972078980548E-008
2.7518718326617135E-008
2.6773609422338879E-008
2.6754137850520126E-008
2.5472909571233987E-008
2.4763148296399035E-008
2.2866209172537258E-008
2.1439879854826117E-008
1.9032807140751184E-008
1.7091193596762461E-008
1.4517314500162266E-008
1.2524739078084143E-008
1.0381597686348890E-008
9.0858033055167699E-009
9.0858033055167699E-009
9.0858033055167699E-009
9.0858033055167699E-009
9.0858033055167699E-009
9.0858033055167699E-009
9.0858033055167699E-009
9.0858033055167699E-009
9.0858033055167699E-009
2.3337871667379548E-006
2.2882930750909042E-006
2.5085042358425377E-004
5.3411168796379093E-006
1.0193303835334525E-004
2.3778859319285148E-005
2.7784484061817292E-005
4.4432392302543448E-005
8.7154000758727675E-006
8.8156398855741676E-005
5.1426898434802978E-006
6.9522693953068582E-005
3.2834316149174505E-006
4.4460301093286342E-005
3.6944791705279175E-006
4.4389819834430010E-005
3.9521954476867219E-006
2.8042118964691532E-005
2.0779630189889374E-006
1.5036987995338592E-005
5.1467656675293817E-006
3.3128409923601511E-005
7.0647194319981811E-006
4.1890550617445736E-005
5.2197814377351957E-006
3.9912802447623974E-005
2.9476113015088137E-006
1.0270951351256641E-005
4.4606502961182454E-006
1.5652875036180092E-006
2.2567572959799088E-005
9.5800099839407276E-007
1.4017848121982951E-005
6.1366486658278998E-007
6.4335691368391534E-006
8.7479628474133482E-007
2.6168924736801823E-006
8.8775885877845233E-007
5.7414250266794070E-007
1.8173079527766930E-005
1.3508855374498996E-006
2.4291850378498282E-005
7.7663981166265018E-007
1.2980138245095911E-005
1.8791788261123562E-007
4.1003958939936340E-006
8.6890345093519240E-008
2.0430414609171899E-006
1.9271578558350930E-007
3.2241243212509841E-006
2.6505874745598317E-007
3.3892573679755549E-006
2.5145258709159026E-007
2.8397546460518078E-006
1.8855932198170612E-007
2.2435545360942975E-006
1.5180095902966527E-007
1.9329912442179187E-006
1.1882207346042771E-007
1.6003061378265717E-006
8.0587450412230948E-008
1.1824861239682714E-006
6.5692445630879407E-008
1.1060960159967064E-006
7.3250412734806557E-008
1.2165727485011023E-006
1.0723834739565655E-007
1.4126888952214522E-006
1.4954929594912352E-007
1.4568971933196652E-006
1.4311596316812118E-007
1.1783899433637080E-006
8.1803316945079899E-008
6.9524961722825073E-007
3.5311254954142109E-008
4.0340308362548628E-007
4.2301435090833787E-008
6.6907343183256007E-007
5.6001453160918673E-008
9.3434567461804794E-007
7.8079890501208446E-008
9.8733526912895800E-007
8.8206941507554690E-008
7.9550063442275893E-007
6.2092862983922380E-008
4.5467319876881468E-007
2.4744833838689931E-008
1.8946152160820159E-007
3.0258177190671456E-008
3.0285621649162474E-007
3.5759372330647572E-008
4.5016013240228787E-007
3.5311557972956233E-008
5.0106098826799858E-007
3.5806589103646090E-008
4.5012718562521484E-007
3.2385719378750434E-008
3.2393741993094324E-007
2.1764974015916727E-008
1.8358208157484903E-007
1.3473052459315703E-008
1.1321051324696098E-007
1.4660240186224578E-008
1.2987370867142411E-007
1.5624284089316451E-008
1.4186365055804572E-007
1.4051886755071418E-008
1.2732543717236788E-007
1.1283941275337282E-008
1.0110616035065595E-007
8.9955891414860521E-009
8.9955891414860521E-009
8.9955891414860521E-009
8.9955891414860521E-009
8.9955891414860521E-009
8.9955891414860521E-009
8.9955891414860521E-009
8.9955891414860521E-009
1.0502290311042489E-006
1.0293558724992269E-006
1.1347580235065336E-004
2.4637067586428730E-006
6.6647922841253773E-005
6.2409156162857717E-006
3.7973079253852684E-005
3.7343691349115589E-006
2.2932476815266639E-005
1.6302435913112093E-006
2.0938112550320977E-005
2.0359480204653167E-006
1.5538632200412107E-005
1.5081966320275388E-006
1.0270491809837831E-005
1.4239843575594159E-006
8.7661212212667557E-006
1.5486019782511551E-006
5.8323206006684964E-006
1.1275899251922737E-006
4.1735522648915875E-006
2.1605570108558118E-006
8.1729915971245853E-006
3.2686761526724548E-006
1.1262968788666136E-005
3.2581913560906956E-006
1.1200539723444026E-005
2.3059748795684409E-006
9.2858773578748142E-006
1.4119865382733577E-006
6.7264050531224955E-006
7.9608123283932991E-007
3.8713750134357855E-006
3.5763916431794637E-007
1.6677224775763221E-006
1.6904433013756119E-007
8.1504802313738108E-007
3.0155472175732863E-007
1.3814500371791411E-006
5.7058309483251381E-007
2.0965290684400689E-006
8.1778297741383119E-007
2.6320206168505661E-006
9.6655224337802643E-007
2.9342941677970713E-006
9.8114390927398292E-007
2.9575354348256226E-006
8.5415189605004928E-007
2.7047862528851973E-006
6.4180591138651944E-007
2.2536682441692204E-006
4.2629902558926802E-007
1.6838703822849895E-006
2.5378027488546990E-007
1.0710894464826068E-006
1.3411665195511018E-007
5.5632508888243620E-007
1.0930681481700263E-007
5.1474271127278680E-007
1.9992717611884070E-007
8.3677669246400637E-007
3.0569880723654809E-007
1.0974428577829028E-006
3.7627945962199421E-007
1.2088407333517654E-006
3.9136448224055925E-007
1.1806455834093766E-006
3.5806725858244620E-007
1.0653295906049733E-006
3.0250770663629641E-007
9.2536816859549688E-007
2.4983726077378067E-007
8.0309679054703441E-007
2.1093349776674667E-007
7.1120001395083430E-007
1.8371107978176243E-007
6.4019080811482403E-007
1.6107577711291761E-007
5.7317177723616727E-007
1.3871286311677391E-007
5.0343753647098475E-007
1.1982346077889304E-007
4.4854008470342100E-007
1.1467514764034804E-007
4.4769805294329940E-007
1.3154539352376169E-007
5.2009242602171025E-007
1.6770114736621218E-007
6.3520347593609029E-007
2.1375867264118309E-007
7.4478378139808789E-007
2.5568180813733466E-007
8.0497331687266755E-007
2.7456159953330366E-007
7.8453706290218278E-007
2.5557253744479600E-007
6.7923933332227767E-007
2.0151034867133126E-007
5.1888332166570561E-007
1.3429249746667741E-007
3.5412139612800556E-007
8.1922086451880449E-008
2.4217756570581119E-007
6.4324280119662208E-008
2.3373354521798825E-007
7.3364164474465923E-008
3.0366538277970494E-007
9.1706466455321089E-008
3.9748130524371547E-007
1.1718676314078452E-007
4.9015858505181024E-007
1.4954057969459188E-007
5.6206418390706892E-007
1.8051182692976205E-007
5.8803245172483617E-007
1.9331022649323774E-007
5.4549335905376569E-007
1.7329578090329869E-007
4.3360578797702179E-007
1.2342865000554869E-007
2.8423576090605090E-007
6.8059424357873925E-008
1.5678944322276967E-007
4.5573655660723552E-008
1.3762380974015924E-007
5.8447731594635008E-008
1.9801238610343359E-007
7.0201217205251661E-008
2.5547336474163867E-007
7.6423593479910792E-008
2.9530952026947683E-007
8.1093691616373252E-008
3.1684125212217679E-007
8.5706814506221579E-008
3.1885632897450405E-007
8.8100756684907404E-008
2.9937205112269197E-007
8.4509838186690457E-008
2.5906518724884659E-007
7.3094533103030382E-008
2.0459274009185712E-007
5.6383051406684085E-008
1.4850517419621533E-007
4.0481691396870752E-008
1.0572597879728667E-007
3.1461486806323739E-008
8.6906655934893019E-008
2.9866299408177736E-008
8.7085411241975221E-008
3.0828064878513354E-008
9.1823693321391829E-008
3.1084255195425219E-008
9.3560916616051363E-008
3.0074687491482072E-008
9.1560733137411316E-008
2.8361626256433586E-008
8.7939653721000404E-008
2.6725932213569946E-008
8.5069283897911940E-008
2.5635870678597670E-008
8.3933933573468090E-008
2.5143171500207396E-008
8.3988093433265006E-008
2.5161560207770723E-008
8.4162925885814354E-008
2.5624535305410250E-008
8.3619895273679991E-008
2.6367803823435809E-008
8.1839118872317371E-008
2.7011181218723777E-008
7.8513780711187226E-008
2.7041820482097541E-008
7.3588622657067522E-008
2.6071912110484362E-008
6.7398045786312276E-008
2.4083991264351521E-008
6.0694360214161147E-008
2.1480078431855655E-008
5.4503331149359137E-008
1.8918071893181470E-008
4.9948043766422941E-008
1.7067647377409411E-008
4.8097359919625751E-008
1.6396693491654460E-008
4.9696783962058161E-008
1.7066722185676617E-008
5.4784962960364108E-008
1.8979030501891347E-008
6.2524265674527044E-008
2.1843140926152075E-008
7.1363369897505844E-008
2.5143477208703719E-008
7.9336061869501051E-008
2.8118284142322084E-008
8.4459422391525056E-008
2.9916758740343455E-008
8.5208677706526313E-008
2.9882090587917315E-008
8.0879205408658267E-008
2.7762496404377632E-008
7.1668124326861918E-008
2.3749041225694963E-008
5.8621054476589000E-008
1.8490484319533731E-008
4.3866731395715736E-008
1.3401806407911203E-008
3.1785980185158568E-008
1.1223777471162512E-008
2.9539420188655131E-008
1.3247965501564856E-008
3.7108400942053241E-008
1.6477117148090192E-008
4.6594717084538554E-008
1.8685769825829153E-008
5.3861076894392253E-008
1.9482068231393569E-008
5.8074110021164815E-008
1.9316584482988334E-008
5.9618835000280814E-008
1.8807113925788629E-008
5.9035159440178081E-008
1.8313844823930991E-008
5.6489422676071145E-008
1.7732827812057255E-008
5.1634163983598190E-008
1.6506597774693016E-008
4.3872285149350615E-008
1.3935181471590633E-008
3.3079164677538915E-008
9.8811243204161650E-009
9.8811243204161650E-009
9.8811243204161650E-009
9.8811243204161650E-009
9.8811243204161650E-009
9.8811243204161650E-009
9.8811243204161650E-009
9.8811243204161650E-009
4.7050305909104701E-007
4.6103638025685787E-007
5.0885327549271131E-005
1.1178106033799537E-006
3.1563496804119147E-005
2.3034103352282281E-006
2.1880209337863552E-005
5.8763500219590561E-007
1.0275888302641160E-005
8.0659090942924039E-007
8.3599788917872843E-006
6.7539813850103232E-007
4.0347380572881767E-006
3.6213393733846565E-007
2.6976534355910996E-006
4.0521034837185954E-007
1.9660003751862694E-006
4.3232280550026762E-007
1.6303238337752810E-006
8.3301213503163179E-007
2.8099408109990898E-006
1.1522013491139453E-006
3.5698364586662101E-006
1.0471107752363854E-006
3.4250034454412113E-006
7.1469215711969364E-007
2.8186644626522076E-006
4.6282518799593941E-007
2.0365475630505358E-006
2.8036081629782652E-007
1.0598504980921583E-006
9.9855627938977356E-008
3.4249411056834309E-007
9.8229693643007193E-008
4.4604612182165601E-007
1.5693880299634804E-007
6.0872503579096197E-007
2.1392536841000518E-007
6.5043673155386817E-007
2.4790857128490113E-007
6.3406751202131314E-007
2.5010470518933009E-007
6.0257080063606385E-007
2.3241751717271757E-007
5.7519981457004097E-007
2.1675683058456195E-007
5.7248513783669406E-007
2.0638085619624468E-007
5.7907574137856007E-007
1.8477126117368554E-007
5.5228348638013029E-007
1.4697359522323769E-007
4.7416866026595413E-007
1.0493901201061957E-007
3.5493342000532867E-007
6.7641406687999554E-008
2.1579484509678503E-007
4.1115872424453770E-008
1.3302091075658524E-007
6.3466089993155937E-008
2.1818146278292528E-007
1.0993515419615077E-007
3.2045176232727799E-007
1.4193227171609442E-007
3.7137459365956715E-007
1.5019423215603088E-007
3.6860960600206524E-007
1.3769939946406022E-007
3.2673138584744483E-007
1.1279961654437879E-007
2.6773060308058094E-007
8.6316312406352844E-008
2.1244714543402420E-007
6.5930977140471923E-008
1.7162017657088361E-007
5.3411572428123080E-008
1.4618677343985850E-007
4.6822146872283053E-008
1.3185189896682835E-007
4.2930616840326834E-008
1.2196212124244516E-007
3.9292736045713417E-008
1.1241241964025371E-007
3.6578681553984813E-008
1.0760124692949256E-007
3.8723092964238833E-008
1.1889698337509736E-007
4.8524190504904143E-008
1.4932000223755404E-007
6.4004936850142950E-008
1.8792903776840591E-007
8.0823842794914341E-008
2.2078170937857764E-007
9.3866910594689875E-008
2.3613494720261860E-007
9.7643114220209666E-008
2.2628424132295293E-007
8.8485114836671873E-008
1.9116032870271150E-007
6.8072086579740620E-008
1.4053413540034694E-007
4.4020231913031111E-008
9.0677189033780570E-008
2.6293105698503834E-008
6.0423224596084299E-008
2.2121092928406098E-008
6.2589354830982168E-008
2.6328485071105069E-008
8.1909338947890779E-008
3.2057158928209625E-008
1.0417299327255294E-007
3.8856712542105324E-008
1.2626079931523166E-007
4.7482832159797227E-008
1.4643441265850558E-007
5.7217777392625078E-008
1.6061460022721978E-007
6.4864788553612480E-008
1.6245557762344411E-007
6.5612863786588662E-008
1.4675354222169409E-007
5.6385786513103520E-008
1.1434688337287920E-007
3.9280350942917167E-008
7.3858229817903943E-008
2.1568193084497095E-008
4.0402029788437073E-008
1.4660154038055797E-008
3.7120315425815747E-008
1.9822426709428366E-008
5.4718602643767520E-008
2.5040564336890923E-008
7.1234852812037008E-008
2.8287063354534935E-008
8.2987592762514932E-008
3.0448790669066074E-008
8.9896823210149874E-008
3.2008135268264742E-008
9.1796997869371920E-008
3.2610165111845686E-008
8.8285312284111969E-008
3.1478543826348631E-008
7.9415591848024201E-008
2.8167828595785508E-008
6.6391379871050924E-008
2.3107869585126547E-008
5.1587516441007376E-008
1.7516396529683725E-008
3.7873578987424420E-008
1.2845222380740830E-008
2.7877375542953244E-008
1.0203291759853933E-008
2.3224814977641733E-008
9.6871488545816554E-009
9.6871488545816554E-009
9.6871488545816554E-009
9.6871488545816554E-009
9.6871488545816554E-009
9.6871488545816554E-009
9.6871488545816554E-009
2.1255770734044384E-007
2.0819823685619237E-007
2.2970866758691921E-005
5.0096578320228981E-007
1.4173416386883894E-005
1.0121678341500430E-006
9.9257769890285291E-006
2.4481144758035377E-007
4.8008219050195216E-006
3.6162640755354347E-007
3.6775203331666659E-006
2.6902013913530900E-007
1.7590958347071672E-006
1.6152197655905824E-007
1.2501313387545313E-006
1.8012444827000254E-007
8.3230573442689423E-007
1.9915455515799688E-007
8.0270960779552791E-007
4.0523763396741828E-007
1.3825402121922507E-006
5.1270448960567065E-007
1.6309053399078587E-006
4.2123746356110272E-007
1.4814587567751379E-006
2.7029145718235715E-007
1.1884839349792428E-006
1.7630540091505812E-007
8.0876100445521646E-007
9.7046929106752266E-008
3.6553214457638042E-007
3.4102521114799607E-008
1.4101329919490624E-007
4.7771643988335110E-008
2.1865987508330897E-007
7.0870250784204138E-008
2.6393781503879563E-007
9.1689564461047328E-008
2.6907005339268733E-007
1.0301875813765846E-007
2.6330795237307818E-007
1.0220415133140073E-007
2.5292436804369873E-007
9.4930876689171197E-008
2.4650446022948841E-007
9.0490640104919434E-008
2.5282085823256676E-007
8.6489997220287148E-008
2.5788079073312331E-007
7.5398457904773371E-008
2.4241679178207820E-007
5.8213015510626369E-008
2.0357500241227476E-007
4.1380624189600495E-008
1.4872320158479940E-007
2.7255264701169804E-008
8.8886082355352409E-008
1.9119787514017203E-008
6.4985069182018415E-008
3.1758476359546228E-008
1.0482919068625204E-007
5.0293318138632812E-008
1.4306753431933015E-007
6.1082192651382695E-008
1.5834533593641819E-007
6.1672811841889209E-008
1.5170849636800929E-007
5.4145455836829280E-008
1.3101503290503723E-007
4.2986953135619439E-008
1.0680263837454871E-007
3.2945432651842649E-008
8.7159853513760572E-008
2.6394069303371306E-008
7.4945732970099749E-008
2.3172164735489670E-008
6.8971352367777691E-008
2.1799781926939590E-008
6.5692392605185542E-008
2.0554016161442053E-008
6.1371935573736408E-008
1.8638121262493323E-008
5.5113566679736966E-008
1.6989176954592742E-008
5.0915189835888270E-008
1.7987841216258977E-008
5.5635041354077657E-008
2.2834967253189737E-008
6.9612923991779722E-008
2.9868613351449355E-008
8.5828824752687351E-008
3.6530429944477865E-008
9.7357142201972163E-008
4.0361519280517245E-008
9.9540189209469541E-008
3.9394991432905381E-008
9.0634164649294630E-008
3.3250954567396352E-008
7.2843133300410616E-008
2.3988813715680114E-008
5.1829869404231475E-008
1.5219290945474169E-008
3.4455700462289127E-008
1.0228602591341218E-008
2.6969631565873857E-008
9.7353056164464158E-009
9.7353056164464158E-009
9.7353056164464158E-009
9.7353056164464158E-009
9.7353056164464158E-009
9.7353056164464158E-009
9.7353056164464158E-009
9.6766341892370267E-008
9.4727798117209502E-008
1.0369683892711268E-005
2.2228672765092441E-007
6.3091707228500949E-006
4.5691808739640982E-007
4.4901425167402374E-006
1.1592500632636826E-007
2.2893001217772579E-006
1.6783398207693172E-007
1.6820369206838197E-006
1.1437615990519135E-007
7.7530539996882063E-007
7.1306526837871696E-008
5.7068856203526104E-007
8.5600893896197369E-008
3.8831017029436369E-007
9.2890616650350922E-008
3.6489286541202276E-007
1.8218427072807668E-007
6.2527051619682023E-007
2.3049490837268413E-007
7.5127610562885319E-007
1.9481319489591252E-007
6.9498734514916267E-007
1.2921474311134293E-007
5.5838606936768598E-007
8.3715138028134282E-008
3.7423937953106781E-007
4.4015762001692490E-008
1.6747169382405578E-007
1.5340224578447709E-008
6.5124240791260081E-008
2.0655204952223233E-008
9.6414914544962204E-008
3.0981017041345141E-008
1.1623158962514749E-007
4.0960685206520331E-008
1.2181937848983630E-007
4.7317207163848984E-008
1.2357442666376684E-007
4.8242590181784281E-008
1.2279075870711179E-007
4.6638671388296449E-008
1.2399180547950363E-007
4.5591161840039522E-008
1.2840816829441059E-007
4.2710831645142069E-008
1.2790042625431583E-007
3.5555898378628364E-008
1.1601752035330550E-007
2.6179697730426242E-008
9.3554854077208264E-008
1.7705108681175049E-008
6.4302266192785944E-008
1.0713655749439585E-008
3.4844746095707970E-008
8.3398104930683668E-009
8.3398104930683668E-009
8.3398104930683668E-009
8.3398104930683668E-009
8.3398104930683668E-009
8.3398104930683668E-009
8.3398104930683668E-009
4.7933643687325282E-008
4.6687320377228726E-008
4.9597702376963177E-006
1.0919620953013369E-007
2.9463121508536808E-006
2.0548137428700729E-007
2.1356477233745177E-006
4.9211200316196698E-008
8.2585808919471277E-007
5.8648049892993355E-008
6.7628861615214013E-007
5.9174347323087455E-008
5.3295437276138351E-007
6.1859276817374506E-008
4.8925813932880760E-007
6.0870966298820226E-008
2.9667461086078603E-007
3.6389763552761874E-008
1.6644674352399970E-007
9.0403897220484956E-008
3.5717874772987970E-007
1.2705376507754001E-007
4.3391782848325503E-007
1.0145061995037021E-007
4.0172776209204561E-007
6.7116337358874435E-008
3.2834736036678025E-007
4.2418671743087719E-008
2.0625352703561053E-007
1.8305116089276930E-008
8.8295808324910606E-008
6.4526926246242036E-009
6.4526926246242036E-009
6.4526926246242036E-009
6.4526926246242036E-009
6.4526926246242036E-009
6.4526926246242036E-009
1.4608729058294551E-008
1.4532308324441030E-008
1.7051645765048979E-006
3.3901375176491978E-008
8.4661102492405200E-007
8.0770786235527960E-008
7.5713294537904046E-007
3.6233432065591945E-008
4.8018936741568803E-007
3.9361660918988022E-008
4.6180387461963868E-007
3.9059685064355614E-008
1.5866138465084033E-007
6.0787259680121859E-009
6.0787259680121859E-009
6.0787259680121859E-009
6.0787259680121859E-009
6.0787259680121859E-009
2.3697661872452448E-008
2.2562934925556684E-008
1.9306399128297138E-006
3.6242392416034142E-008
4.7669322976623625E-007
5.4454625832696263E-008
7.1575123179435597E-007
5.7935940171700200E-008
3.3928117360298197E-007
1.4908455661105397E-008
1.5488322082103624E-007
2.0002872679742993E-008
2.1747266514309963E-007
2.7964395583680701E-008
1.9670655327129270E-007
2.1158318599456723E-008
1.7109617639239867E-007
2.1584027487325162E-008
1.0903992693689474E-007
1.0432043986472486E-008
3.3789789139619414E-008
1.9666944462288195E-008
8.2667667882456652E-008
3.5091999854764853E-008
1.2294366721624150E-007
3.7837715550682744E-008
1.2031620733371170E-007
2.7736081275193325E-008
9.7404051000634484E-008
1.8001129362458403E-008
7.8316204291398349E-008
1.2783692703803798E-008
6.0917314442604774E-008
