-92.751641753352899
-92.797630380435791
-92.808658681959102
-92.810543232082111
-92.810598703870411
-92.810600819312910
-92.810600844169983
-92.810600845328182
-92.810600845373727
-92.810600845374083
-92.810600845374069
-92.811127410409810
-92.811645281147790
-92.811902346540990
-92.824352116128281
-92.828843649312915
-92.829293773494328
-92.828247326808182
-92.825870535040053
-92.829872302662551
-92.831994689113344
-92.833221264539830
-92.835734815584885
-92.837082158297775
-92.837378860945492
-92.837764763302147
-92.837677113576490
-92.836661049029061
-92.827816512893193
-92.830770165846488
-92.831799855149498
-92.831075628153158
-92.830641310988085
-92.838752361998161
-92.841134928696377
-92.841265795517458
-92.841829162679019
-92.842901653972874
-92.843045975592815
-92.839903546987088
-92.835627750915179
-92.834823293520856
-92.837100916916768
-92.838072830297108
-92.842560640408252
-92.842633235841518
-92.842852372773493
-92.843826913000797
-92.843866153123670
-92.843884889179492
-92.843887205001039
-92.843887624008602
-92.843876542580901
-92.843891065490183
-92.843905846615300
-92.843976714919705
-92.843989845346286
-92.844094697785991
-92.844109740040679
-92.844110215724044
-92.844109916813835
-92.844149703756116
-92.844153303863450
-92.844163420020465
-92.844165248444398
-92.844184383991717
-92.844186510642217
-92.844190783676808
-92.844201018266517
-92.844201523173396
-92.844203489628171
-92.844204430091665
-92.844204572577056
-92.844204618753352
-92.844204714428628
-92.844204741581677
-92.844204778943066
-92.844204794028570
-92.844204814490155
-92.844204827710456
-92.844204851698549
-92.844204869540974
-92.844204904684787
-92.844204930907551
-92.844204972830767
-92.844204999167800
-92.844205025527785
-92.844205036836144
-92.844205042511106
-92.844205044054348
-92.844205043086205
-92.844205042917594
-92.844205041788072
-92.844205041958247
-92.844205041877785
-92.844205042924415
-92.844205044635004
-92.844205047168444
-92.844205051536321
-92.844205056084249
-92.844205063748660
-92.844205070690137
-92.844205081419602
-92.844205090039893
-92.844205101557378
-92.844205109748074
-92.844205119782188
-92.844205126632517
-92.844205135392045
-92.844205141544180
-92.844205149981377
-92.844205155904476
-92.844205163751127
-92.844205168753106
-92.844205174118983
-92.844205176748318
-92.844205178186797
-92.844205178240856
-92.844205176807634
-92.844205175662566
-92.844205173503070
-92.844205172462139
-92.844205170943312
-92.844205170529065
-92.844205170098746
-92.844205170377833
-92.844205171075103
-92.844205172024004
-92.844205173764905
-92.844205175343490
-92.844205177910254
-92.844205179964902
-92.844205182989342
-92.844205185265182
-92.844205188405525
-92.844205190707498
-92.844205193798729
-92.844205196055427
-92.844205199042477
-92.844205201218671
-92.844205203996040
-92.844205205970368
-92.844205208270509
-92.844205209779943
-92.844205211232364
-92.844205212005306
-92.844205212431874
-92.844205212467500
-92.844205212121452
-92.844205211744196
-92.844205211121547
-92.844205210704288
-92.844205210190367
-92.844205209942260
-92.844205209706047
-92.844205209688496
-92.844205209764240
-92.844205209973495
-92.844205210340533
-92.844205210751340
-92.844205211366358
-92.844205211943674
-92.844205212753636
-92.844205213459347
-92.844205214411915
-92.844205215210522
-92.844205216254807
-92.844205217107159
-92.844205218176938
-92.844205219020310
-92.844205220010465
-92.844205220743973
-92.844205221515864
-92.844205222027057
-92.844205222472226
-92.844205222708553
-92.844205222828023
-92.844205222840202
-92.844205222743966
-92.844205222643595
-92.844205222470293
-92.844205222356834
-92.844205222206753
-92.844205222135940
-92.844205222059216
-92.844205222051414
-92.844205222064687
-92.844205222122326
-92.844205222225867
-92.844205222344883
-92.844205222532096
-92.844205222706904
-92.844205222967830
-92.844205223191764
-92.844205223512276
-92.844205223775063
-92.844205224133177
-92.844205224416513
-92.844205224779088
-92.844205225054424
-92.844205225379795
-92.844205225613791
-92.844205225864499
-92.844205226032273
-92.844205226190979
-92.844205226287471
-92.844205226362433
-92.844205226401456
-92.844205226417586
-92.844205226421124
-92.844205226406103
-92.844205226394436
-92.844205226370320
-92.844205226357758
-92.844205226339085
-92.844205226334310
-92.844205226329521
-92.844205226337138
-92.844205226350596
-92.844205226372708
-92.844205226406260
-92.844205226443549
-92.844205226497451
-92.844205226549718
-92.844205226623103
-92.844205226689411
-92.844205226780090
-92.844205226858421
-92.844205226962245
-92.844205227048704
-92.844205227158810
-92.844205227247073
-92.844205227353797
-92.844205227435467
-92.844205227527695
-92.844205227594017
-92.844205227662201
-92.844205227707050
-92.844205227746684
-92.844205227769066
-92.844205227782410
-92.844205227786688
-92.844205227781543
-92.844205227775234
-92.844205227761407
-92.844205227752028
-92.844205227738030
-92.844205227731081
-92.844205227722625
-92.844205227721190
-92.844205227721361
-92.844205227726775
-92.844205227736751
-92.844205227749370
-92.844205227769265
-92.844205227788933
-92.844205227818009
-92.844205227844043
-92.844205227880721
-92.844205227911800
-92.844205227953438
-92.844205227987302
-92.844205228030262
-92.844205228063842
-92.844205228103803
-92.844205228133674
-92.844205228166601
-92.844205228189793
-92.844205228212886
-92.844205228227764
-92.844205228240270
-92.844205228247020
-92.844205228250331
-92.844205228250772
-92.844205228247773
-92.844205228244562
-92.844205228238650
-92.844205228234415
-92.844205228228589
-92.844205228225334
-92.844205228221668
-92.844205228220645
-92.844205228220289
-92.844205228222037
-92.844205228225505
-92.844205228230152
-92.844205228237456
-92.844205228244888
-92.844205228255831
-92.844205228265835
-92.844205228279890
-92.844205228292026
-92.844205228308311
-92.844205228321783
-92.844205228338893
-92.844205228352422
-92.844205228368466
-92.844205228380403
-92.844205228393292
-92.844205228402075
-92.844205228410331
-92.844205228415163
-92.844205228418488
-92.844205228419696
-92.844205228419142
-92.844205228417934
-92.844205228415234
-92.844205228413074
-92.844205228409947
-92.844205228407986
-92.844205228405599
-92.844205228404519
-92.844205228403496
-92.844205228403567
-92.844205228404164
-92.844205228405428
-92.844205228407631
-92.844205228410061
-92.844205228413799
-92.844205228417309
-92.844205228422382
-92.844205228426830
-92.844205228432941
-92.844205228438028
-92.844205228444650
-92.844205228449937
-92.844205228456360
-92.844205228461220
-92.844205228466635
-92.844205228470472
-92.844205228474266
-92.844205228476682
-92.844205228478657
-92.844205228479652
-92.844205228480050
-92.844205228479993
-92.844205228479353
-92.844205228478714
-92.844205228477676
-92.844205228476937
-92.844205228475957
-92.844205228475417
-92.844205228474806
-92.844205228474621
-92.844205228474522
-92.844205228474749
-92.844205228475218
-92.844205228475857
-92.844205228476881
-92.844205228477918
-92.844205228479453
-92.844205228480860
-92.844205228482821
-92.844205228484526
-92.844205228486786
-92.844205228488661
-92.844205228491020
-92.844205228492896
-92.844205228495113
-92.844205228496762
-92.844205228498538
-92.844205228499774
-92.844205228500968
-92.844205228501679
-92.844205228502233
-92.844205228502489
-92.844205228502517
-92.844205228502446
-92.844205228502162
-92.844205228501920
-92.844205228501536
-92.844205228501295
-92.844205228500968
-92.844205228500812
-92.844205228500627
-92.844205228500599
-92.844205228500627
-92.844205228500755
-92.844205228500982
-92.844205228501252
-92.844205228501693
-92.844205228502119
-92.844205228502744
-92.844205228503299
-92.844205228504066
-92.844205228504720
-92.844205228505587
-92.844205228506297
-92.844205228507164
-92.844205228507860
-92.844205228508642
-92.844205228509225
-92.844205228509836
-92.844205228510262
-92.844205228510646
-92.844205228510887
-92.844205228511044
-92.844205228511115
-92.844205228511115
-92.844205228511072
-92.844205228510972
-92.844205228510873
-92.844205228510745
-92.844205228510660
-92.844205228510546
-92.844205228510504
-92.844205228510461
-92.844205228510461
-92.844205228510504
-92.844205228510560
-92.844205228510674
-92.844205228510802
-92.844205228510987
-92.844205228511171
-92.844205228511427
-92.844205228511640
-92.844205228511953
-92.844205228512209
-92.844205228512536
-92.844205228512806
-92.844205228513147
-92.844205228513388
-92.844205228513687
-92.844205228513900
-92.844205228514113
-92.844205228514255
-92.844205228514397
-92.844205228514468
-92.844205228514511
-92.844205228514525
-92.844205228514511
-92.844205228514497
-92.844205228514440
-92.844205228514411
-92.844205228514355
-92.844205228514326
-92.844205228514298
-92.844205228514284
-92.844205228514284
-92.844205228514298
-92.844205228514312
-92.844205228514355
-92.844205228514397
-92.844205228514454
-92.844205228514539
-92.844205228514610
-92.844205228514710
-92.844205228514795
-92.844205228514923
-92.844205228515008
-92.844205228515136
-92.844205228515236
-92.844205228515364
-92.844205228515463
-92.844205228515563
-92.844205228515634
-92.844205228515705
-92.844205228515762
-92.844205228515804
-92.844205228515818
-92.844205228515833
-92.844205228515833
-92.844205228515818
-92.844205228515818
-92.844205228515790
-92.844205228515776
-92.844205228515762
-92.844205228515762
-92.844205228515747
-92.844205228515747
-92.844205228515747
-92.844205228515747
-92.844205228515762
-92.844205228515776
-92.844205228515804
-92.844205228515833
-92.844205228515861
-92.844205228515889
-92.844205228515932
-92.844205228515960
-92.844205228516003
-92.844205228516046
-92.844205228516088
-92.844205228516131
-92.844205228516174
-92.844205228516216
-92.844205228516245
-92.844205228516273
-92.844205228516302
-92.844205228516316
-92.844205228516330
-92.844205228516330
-92.844205228516330
-92.844205228516330
-92.844205228516330
-92.844205228516330
-92.844205228516316
-92.844205228516302
-92.844205228516302
-92.844205228516302
-92.844205228516302
-92.844205228516302
-92.844205228516287
-92.844205228516302
-92.844205228516302
-92.844205228516302
-92.844205228516316
-92.844205228516330
-92.844205228516344
-92.844205228516344
-92.844205228516358
-92.844205228516387
-92.844205228516387
-92.844205228516415
-92.844205228516429
-92.844205228516444
-92.844205228516458
-92.844205228516472
-92.844205228516486
-92.844205228516500
-92.844205228516515
-92.844205228516515
-92.844205228516515
-92.844205228516529
-92.844205228516515
-92.844205228516515
-92.844205228516515
-92.844205228516515
-92.844205228516515
-92.844205228516500
-92.844205228516500
-92.844205228516500
-92.844205228516500
-92.844205228516500
-92.844205228516500
-92.844205228516500
-92.844205228516515
-92.844205228516515
-92.844205228516515
-92.844205228516529
-92.844205228516515
-92.844205228516529
-92.844205228516529
-92.844205228516529
-92.844205228516543
-92.844205228516543
-92.844205228516557
-92.844205228516557
-92.844440437929450
-92.844446130411512
-92.844451118436183
-92.844451209133965
-92.844451214141202
-92.844451214415869
-92.844451214433192
-92.844451214433647
-92.844451214119701
-92.844452163805258
-92.844453097092668
-92.844505776010124
-92.844506364925721
-92.844507008381711
-92.844509190253802
-92.844509335567366
-92.844509355291862
-92.844509359739263
-92.844509342647228
-92.844509350161630
-92.844509362511189
-92.844509374706462
-92.844509405015472
-92.844509417103922
-92.844509447225860
-92.844509457917539
-92.844509548778248
-92.844509557353916
-92.844509802090244
-92.844509822389071
-92.844509998116365
-92.844510001286935
-92.844510016580344
-92.844510017825073
-92.844510032122244
-92.844510033666722
-92.844510037942442
-92.844510038220776
-92.844510038314041
-92.844510038457912
-92.844510039076752
-92.844510039263312
-92.844510040145011
-92.844510040364526
-92.844510040982740
-92.844510041149832
-92.844510041585153
-92.844510041726096
-92.844510042107942
-92.844510042234219
-92.844510042518010
-92.844510042608178
-92.844510042800067
-92.844510042869075
-92.844510043060566
-92.844510043140659
-92.844510043397761
-92.844510043517062
-92.844510043799104
-92.844510043916216
-92.844510044071058
-92.844510044115111
-92.844510044137735
-92.844510044140904
-92.844510044124476
-92.844510044121975
-92.844510044106940
-92.844510044107182
-92.844510044102435
-92.844510044106940
-92.844510044114003
-92.844510044122799
-92.844510044140279
-92.844510044152500
-92.844510044176900
-92.844510044191196
-92.844510044219277
-92.844510044234767
-92.844510044266400
-92.844510044283723
-92.844510044321069
-92.844510044341746
-92.844510044385402
-92.844510044409546
-92.844510044454381
-92.844510044478056
-92.844510044514635
-92.844510044532413
-92.844510044555165
-92.844510044565183
-92.844510044575145
-92.844510044578954
-92.844510044580161
-92.844510044580275
-92.844510044576992
-92.844510044575713
-92.844510044571521
-92.844510044570455
-92.844510044567699
-92.844510044567727
-92.844510044567542
-92.844510044568921
-92.844510044571621
-92.844510044574363
-92.844510044579835
-92.844510044583842
-92.844510044591587
-92.844510044596646
-92.844510044605840
-92.844510044611511
-92.844510044621160
-92.844510044626887
-92.844510044636095
-92.844510044641453
-92.844510044649724
-92.844510044654484
-92.844510044661590
-92.844510044665654
-92.844510044671438
-92.844510044674692
-92.844510044678955
-92.844510044681272
-92.844510044683844
-92.844510044685137
-92.844510044686075
-92.844510044686473
-92.844510044686089
-92.844510044685862
-92.844510044684725
-92.844510044684256
-92.844510044683005
-92.844510044682622
-92.844510044681783
-92.844510044681755
-92.844510044681670
-92.844510044682082
-92.844510044682920
-92.844510044683815
-92.844510044685649
-92.844510044687055
-92.844510044689841
-92.844510044691745
-92.844510044695355
-92.844510044697699
-92.844510044701764
-92.844510044704279
-92.844510044708187
-92.844510044710475
-92.844510044713573
-92.844510044715221
-92.844510044717140
-92.844510044718035
-92.844510044718788
-92.844510044719058
-92.844510044718987
-92.844510044718888
-92.844510044718405
-92.844510044718177
-92.844510044717609
-92.844510044717396
-92.844510044716969
-92.844510044716884
-92.844510044716699
-92.844510044716770
-92.844510044716927
-92.844510044717168
-92.844510044717637
-92.844510044718049
-92.844510044718831
-92.844510044719414
-92.844510044720465
-92.844510044721162
-92.844510044722384
-92.844510044723179
-92.844510044724458
-92.844510044725268
-92.844510044726491
-92.844510044727230
-92.844510044728267
-92.844510044728864
-92.844510044729617
-92.844510044730015
-92.844510044730441
-92.844510044730640
-92.844510044730754
-92.844510044730768
-92.844510044730640
-92.844510044730555
-92.844510044730328
-92.844510044730214
-92.844510044729986
-92.844510044729901
-92.844510044729759
-92.844510044729745
-92.844510044729716
-92.844510044729773
-92.844510044729873
-92.844510044730001
-92.844510044730242
-92.844510044730427
-92.844510044730796
-92.844510044731038
-92.844510044731507
-92.844510044731805
-92.844510044732317
-92.844510044732630
-92.844510044733127
-92.844510044733426
-92.844510044733866
-92.844510044734108
-92.844510044734406
-92.844510044734562
-92.844510044734719
-92.844510044734776
-92.844510044734818
-92.844510044734818
-92.844510044734776
-92.844510044734747
-92.844510044734690
-92.844510044734662
-92.844510044734591
-92.844510044734577
-92.844510044734548
-92.844510044734562
-92.844510044734577
-92.844510044734591
-92.844510044734633
-92.844510044734690
-92.844510044734790
-92.844510044734847
-92.844510044734960
-92.844510044735060
-92.844510044735202
-92.844510044735301
-92.844510044735458
-92.844510044735571
-92.844510044735728
-92.844510044735841
-92.844510044735983
-92.844510044736069
-92.844510044736197
-92.844510044736268
-92.844510044736353
-92.844510044736381
-92.844510044736438
-92.844510044736452
-92.844510044736467
-92.844510044736481
-92.844510044736467
-92.844510044736467
-92.844510044736438
-92.844510044736438
-92.844510044736410
-92.844510044736410
-92.844510044736396
-92.844510044736410
-92.844510044736396
-92.844510044736410
-92.844510044736424
-92.844510044736438
-92.844510044736467
-92.844510044736495
-92.844510044736538
-92.844510044736566
-92.844510044736623
-92.844510044736651
-92.844510044736722
-92.844510044736765
-92.844510044736822
-92.844510044736865
-92.844510044736921
-92.844510044736950
-92.844510044736992
-92.844510044737021
-92.844510044737049
-92.844510044737063
-92.844510044737063
-92.844510044737078
-92.844510044737078
-92.844510044737063
-92.844510044737049
-92.844510044737049
-92.844510044737035
-92.844510044737035
-92.844510044737021
-92.844510044737021
-92.844510044737021
-92.844510044737021
-92.844510044737021
-92.844510044737035
-92.844510044737035
-92.844510044737049
-92.844510044737063
-92.844510044737078
-92.844510044737106
-92.844510044737120
-92.844510044737135
-92.844510044737163
-92.844510044737177
-92.844510044737206
-92.844510044737220
-92.844510044737234
-92.844510044737262
-92.844510044737262
-92.844510044737277
-92.844510044737277
-92.844532134287675
-92.844533101820346
-92.844533874939842
-92.844533889841216
-92.844533891235542
-92.844533891260127
-92.844533891260696
-92.844533891544486
-92.844534053387960
-92.844534212598091
-92.844543761705040
-92.844543831180218
-92.844543983717827
-92.844544004395942
-92.844543996795238
-92.844543970548173
-92.844543933469652
-92.844543894777772
-92.844543858078595
-92.844543828611833
-92.844543806174542
-92.844543792354386
-92.844543785500107
-92.844543785486266
-92.844543791168718
-92.844543801864532
-92.844543817508210
-92.844543837106443
-92.844543861539790
-92.844543889433680
-92.844543922224602
-92.844543957928423
-92.844543997879285
-92.844544039119867
-92.844544082088774
-92.844544122841029
-92.844544160772074
-92.844544192118008
-92.844544216361726
-92.844544231843443
-92.844544239369583
-92.844544239963682
-92.844544235405380
-92.844544227962430
-92.844544219067018
-92.844544210586108
-92.844544202983229
-92.844544197211377
-92.844544193076644
-92.844544190877187
-92.844544190277915
-92.844544191254357
-92.844544193628550
-92.844544197222973
-92.844544202097566
-92.844544207967658
-92.844544215091801
-92.844544223061121
-92.844544232225218
-92.844544242000794
-92.844544252677011
-92.844544263455418
-92.844544274435762
-92.844544284676175
-92.844544294112424
-92.844544301934917
-92.844544308136406
-92.844544312376115
-92.844544314886491
-92.844544315850740
-92.844544315646232
-92.844544314701224
-92.844544313310692
-92.844544311854861
-92.844544310449777
-92.844544309323481
-92.844544308465814
-92.844544307978111
-92.844544307811560
-92.844544307990020
-92.844544308482284
-92.844544309265729
-92.844544310346237
-92.844544311666681
-92.844544313265629
-92.844544315052843
-92.844544317082438
-92.844544319230025
-92.844544321545456
-92.844544323875894
-92.844544326255914
-92.844544328524989
-92.844544330708231
-92.844544332670267
-92.844544334442958
-92.844544335942345
-92.844544337215694
-92.844544338232694
-92.844544339048554
-92.844544339668275
-92.844544340140885
-92.844544340485314
-92.844544340735808
-92.844544340912236
-92.844544341033853
-92.844544341117171
-92.844544341170845
-92.844544341208433
-92.844544341233131
-92.844544341256963
-92.844544341281633
-92.844544341318311
-92.844544341369556
-92.844544341444688
-92.844544341548144
-92.844544341685577
-92.844544341863738
-92.844544342082699
-92.844544342352179
-92.844544342665543
-92.844544343035963
-92.844544343449428
-92.844544343921896
-92.844544344431185
-92.844544344993210
-92.844544345576580
-92.844544346192649
-92.844544346800831
-92.844544347404593
-92.844544347959271
-92.844544348462648
-92.844544348878102
-92.844544349206402
-92.844544349432155
-92.844544349565865
-92.844544349615930
-92.844544349599445
-92.844544349538026
-92.844544349446309
-92.844544349346194
-92.844544349244728
-92.844544349157673
-92.844544349085737
-92.844544349038131
-92.844544349013219
-92.844544349015294
-92.844544349043545
-92.844544349098655
-92.844544349182030
-92.844544349291013
-92.844544349428830
-92.844544349588901
-92.844544349774765
-92.844544349975365
-92.844544350192876
-92.844544350412548
-92.844544350634948
-92.844544350844643
-92.844544351042245
-92.844544351215717
-92.844544351367588
-92.844544351491479
-92.844544351591935
-92.844544351667665
-92.844544351723741
-92.844544351761783
-92.844544351785927
-92.844544351798845
-92.844544351803179
-92.844544351801702
-92.844544351795776
-92.844544351787945
-92.844544351778808
-92.844544351770594
-92.844544351763545
-92.844544351759552
-92.844544351758771
-92.844544351762508
-92.844544351771006
-92.844544351784847
-92.844544351804373
-92.844544351829299
-92.844544351860179
-92.844544351895948
-92.844544351937415
-92.844544351982833
-92.844544352033367
-92.844544352086686
-92.844544352144112
-92.844544352202831
-92.844544352264052
-92.844544352324462
-92.844544352384816
-92.844544352441432
-92.844544352494466
-92.844544352540467
-92.844544352579319
-92.844544352608736
-92.844544352629015
-92.844544352639929
-92.844544352642615
-92.844544352638778
-92.844544352630010
-92.844544352618826
-92.844544352606505
-92.844544352595193
-92.844544352585430
-92.844544352578509
-92.844544352574374
-92.844544352573578
-92.844544352575880
-92.844544352581323
-92.844544352589821
-92.844544352601048
-92.844544352615216
-92.844544352631672
-92.844544352650857
-92.844544352671818
-92.844544352695038
-92.844544352719197
-92.844544352744649
-92.844544352769759
-92.844544352794628
-92.844544352817593
-92.844544352838611
-92.844544352856374
-92.844544352870997
-92.844544352881911
-92.844544352889500
-92.844544352893948
-92.844544352895824
-92.844544352895738
-92.844544352894246
-92.844544352892001
-92.844544352889329
-92.844544352886771
-92.844544352884455
-92.844544352882721
-92.844544352881556
-92.844544352881158
-92.844544352881485
-92.844544352882579
-92.844544352884441
-92.844544352887041
-92.844544352890395
-92.844544352894374
-92.844544352899106
-92.844544352904350
-92.844544352910276
-92.844544352916586
-92.844544352923435
-92.844544352930484
-92.844544352937845
-92.844544352945150
-92.844544352952468
-92.844544352959389
-92.844544352965940
-92.844544352971752
-92.844544352976868
-92.844544352980975
-92.844544352984158
-92.844544352986304
-92.844544352987526
-92.844544352987910
-92.844544352987583
-92.844544352986759
-92.844544352985579
-92.844544352984272
-92.844544352982908
-92.844544352981686
-92.844544352980634
-92.844544352979852
-92.844544352979355
-92.844544352979199
-92.844544352979383
-92.844544352979909
-92.844544352980790
-92.844544352982012
-92.844544352983590
-92.844544352985508
-92.844544352987768
-92.844544352990283
-92.844544352993125
-92.844544352996095
-92.844544352999250
-92.844544353002377
-92.844544353005432
-92.844544353008217
-92.844544353010704
-92.844544353012736
-92.844544353014300
-92.844544353015351
-92.844544353015962
-92.844544353016147
-92.844544353016005
-92.844544353015635
-92.844544353015110
-92.844544353014527
-92.844544353013930
-92.844544353013404
-92.844544353012950
-92.844544353012594
-92.844544353012367
-92.844544353012267
-92.844544353012296
-92.844544353012466
-92.844544353012779
-92.844544353013205
-92.844544353013760
-92.844544353014442
-92.844544353015223
-92.844544353016090
-92.844544353017056
-92.844544353018051
-92.844544353019103
-92.844544353020140
-92.844544353021163
-92.844544353022116
-92.844544353022997
-92.844544353023764
-92.844544353024432
-92.844544353024958
-92.844544353025384
-92.844544353025654
-92.844544353025839
-92.844544353025910
-92.844544353025924
-92.844544353025881
-92.844544353025782
-92.844544353025682
-92.844544353025569
-92.844544353025469
-92.844544353025384
-92.844544353025327
-92.844544353025299
-92.844544353025299
-92.844544353025356
-92.844544353025441
-92.844544353025569
-92.844544353025725
-92.844544353025910
-92.844544353026137
-92.844544353026393
-92.844544353026677
-92.844544353026976
-92.844544353027288
-92.844544353027615
-92.844544353027956
-92.844544353028297
-92.844544353028624
-92.844544353028937
-92.844544353029221
-92.844544353029477
-92.844544353029690
-92.844544353029875
-92.844544353030003
-92.844544353030116
-92.844544353030187
-92.844544353030216
-92.844544353030230
-92.844544353030230
-92.844544353030201
-92.844544353030173
-92.844544353030159
-92.844544353030130
-92.844544353030102
-92.844544353030102
-92.844544353030102
-92.844544353030102
-92.844544353030130
-92.844544353030159
-92.844544353030201
-92.844544353030258
-92.844544353030315
-92.844544353030400
-92.844544353030486
-92.844544353030571
-92.844544353030685
-92.844544353030784
-92.844544353030898
-92.844544353031026
-92.844544353031139
-92.844544353031267
-92.844544353031381
-92.844544353031480
-92.844544353031580
-92.844544353031665
-92.844544353031736
-92.844544353031793
-92.844544353031822
-92.844544353031850
-92.844544353031850
-92.844544353031850
-92.844544353031850
-92.844544353031836
-92.844544353031822
-92.844544353031793
-92.844544353031779
-92.844544353031779
-92.844544353031765
-92.844544353031750
-92.844544353031750
-92.844544353031750
-92.844544353031765
-92.844544353031779
-92.844544353031807
-92.844544353031836
-92.844544353031864
-92.844544353031907
-92.844544353031949
-92.844544353031992
-92.844544353032035
-92.844544353032092
-92.844544353032148
-92.844544353032191
-92.844544353032248
-92.844544353032290
-92.844544353032333
-92.844544353032362
-92.844544353032390
-92.844544353032404
-92.844544353032404
-92.844544353032418
-92.844544353032404
-92.844544353032404
-92.844544353032404
-92.844544353032390
-92.844544353032390
-92.844544353032376
-92.844544353032362
-92.844544353032362
-92.844544353032362
-92.844544353032362
-92.844544353032362
-92.844544353032362
-92.844544353032362
-92.844544353032376
-92.844544353032390
-92.844544353032390
-92.844544353032418
-92.844544353032433
-92.844544353032447
-92.844544353032461
-92.844544353032489
-92.844544353032504
-92.844544353032532
-92.844544353032546
-92.844544353032560
-92.844544353032589
-92.844544353032589
-92.844544353032603
-92.844544353032603
-92.844544353032617
-92.844544353032617
-92.844544353032617
-92.844548635072357
-92.844548831076466
-92.844548980002116
-92.844548983076649
-92.844548983362543
-92.844548983367559
-92.844548983367659
-92.844548983502065
-92.844549015257215
-92.844549046495715
-92.844550926946937
-92.844550934040925
-92.844550992228534
-92.844550991171218
-92.844550988522926
-92.844550979205806
-92.844550979603596
-92.844550978442314
-92.844550979248723
-92.844550986940718
-92.844550987912996
-92.844550998975038
-92.844551000322113
-92.844551013469186
-92.844551015076306
-92.844551023932041
-92.844551025006822
-92.844551029046684
-92.844551029471788
-92.844551029410852
-92.844551029382998
-92.844551027957124
-92.844551027960833
-92.844551027374948
-92.844551027478573
-92.844551027159611
-92.844551027078268
-92.844551027224512
-92.844551028827297
-92.844551029018703
-92.844551031334319
-92.844551031578220
-92.844551033717281
-92.844551033971584
-92.844551033480840
-92.844551033346832
-92.844551033510996
-92.844551036269365
-92.844551036338885
-92.844551036720290
-92.844551036738835
-92.844551036776764
-92.844551036790733
-92.844551036970458
-92.844551036984285
-92.844551037208461
-92.844551037224022
-92.844551037400365
-92.844551037413737
-92.844551037521057
-92.844551037529754
-92.844551037582150
-92.844551037586925
-92.844551037611168
-92.844551037613911
-92.844551037624839
-92.844551037626530
-92.844551037632925
-92.844551037634275
-92.844551037643328
-92.844551037644720
-92.844551037660651
-92.844551037662313
-92.844551037682692
-92.844551037684667
-92.844551037702885
-92.844551037704647
-92.844551037714496
-92.844551037715334
-92.844551037716968
-92.844551037717125
-92.844551037715419
-92.844551037715476
-92.844551037714666
-92.844551037714837
-92.844551037716457
-92.844551037716727
-92.844551037720379
-92.844551037720805
-92.844551037724912
-92.844551037725381
-92.844551037728252
-92.844551037728550
-92.844551037729602
-92.844551037729687
-92.844551037729602
-92.844551037729630
-92.844551037729346
-92.844551037729360
-92.844551037729360
-92.844551037729417
-92.844551037729786
-92.844551037729858
-92.844551037730469
-92.844551037730554
-92.844551037731165
-92.844551037731236
-92.844551037731677
-92.844551037731719
-92.844551037731975
-92.844551037732018
-92.844551037732131
-92.844551037732145
-92.844551037732188
-92.844551037732202
-92.844551037732217
-92.844551037732217
-92.844551037732231
-92.844551037732231
-92.844551883112828
-92.844551921735913
-92.844551951106865
-92.844551951714266
-92.844551951770896
-92.844551951771891
-92.844551951774818
-92.844551958042658
-92.844551964208634
-92.844552336072695
-92.844552337249624
-92.844552351826977
-92.844552352004257
-92.844552350998384
-92.844552351002378
-92.844552350718018
-92.844552350809963
-92.844552351740390
-92.844552351893284
-92.844552352873990
-92.844552353027225
-92.844552353960481
-92.844552354146899
-92.844552355152274
-92.844552355382561
-92.844552356093956
-92.844552356242261
-92.844552356509368
-92.844552356553564
-92.844552356538017
-92.844552356525782
-92.844552356393152
-92.844552356371153
-92.844552356255406
-92.844552356250318
-92.844552356211636
-92.844552356221925
-92.844552356260735
-92.844552356281483
-92.844552356379168
-92.844552356408215
-92.844552356549698
-92.844552356588480
-92.844552356759650
-92.844552356808393
-92.844552356973125
-92.844552357019907
-92.844552357135271
-92.844552357165469
-92.844552357216614
-92.844552357227585
-92.844552357228892
-92.844552357227798
-92.844552357205558
-92.844552357201508
-92.844552357178671
-92.844552357176937
-92.844552357165554
-92.844552357167103
-92.844552357170329
-92.844552357174592
-92.844552357191390
-92.844552357197998
-92.844552357225453
-92.844552357234306
-92.844552357267986
-92.844552357278459
-92.844552357312509
-92.844552357323025
-92.844552357351688
-92.844552357360385
-92.844552357380195
-92.844552357386036
-92.844552357396950
-92.844552357400175
-92.844552357404638
-92.844552357406201
-92.844552357407196
-92.844552357407977
-92.844552357407665
-92.844552357408205
-92.844552357407764
-92.844552357408276
-92.844552357408276
-92.844552357408915
-92.844552357409739
-92.844552357410578
-92.844552357412510
-92.844552357413619
-92.844552357416873
-92.844552357418294
-92.844552357422927
-92.844552357424689
-92.844552357430587
-92.844552357432718
-92.844552357439440
-92.844552357441785
-92.844552357448535
-92.844552357450866
-92.844552357456521
-92.844552357458383
-92.844552357461964
-92.844552357463016
-92.844552357464224
-92.844552357464480
-92.844552357463883
-92.844552357463698
-92.844552357462319
-92.844552357462064
-92.844552357460785
-92.844552357460657
-92.844552357459989
-92.844552357460074
-92.844552357460230
-92.844552357460515
-92.844552357461552
-92.844552357462049
-92.844552357463925
-92.844552357464664
-92.844552357467137
-92.844552357468075
-92.844552357470718
-92.844552357471670
-92.844552357473901
-92.844552357474655
-92.844552357476005
-92.844552357476402
-92.844552357476829
-92.844552357476928
-92.844552357476744
-92.844552357476672
-92.844552357476232
-92.844552357476147
-92.844552357475735
-92.844552357475692
-92.844552357475465
-92.844552357475479
-92.844552357475479
-92.844552357475564
-92.844552357475820
-92.844552357475948
-92.844552357476431
-92.844552357476630
-92.844552357477255
-92.844552357477497
-92.844552357478150
-92.844552357478392
-92.844552357479003
-92.844552357479202
-92.844552357479657
-92.844552357479813
-92.844552357480097
-92.844552357480197
-92.844552357480339
-92.844552357480396
-92.844552357480438
-92.844552357480467
-92.844552357480453
-92.844552357480453
-92.844552357480410
-92.844552357480424
-92.844552357480381
-92.844552357480396
-92.844552357480381
-92.844552357480410
-92.844552357480438
-92.844552357480467
-92.844552357480552
-92.844552357480580
-92.844552357480708
-92.844552357480751
-92.844552357480907
-92.844552357480964
-92.844552357481135
-92.844552357481192
-92.844552357481362
-92.844552357481433
-92.844552357481575
-92.844552357481632
-92.844552357481746
-92.844552357481774
-92.844552357481845
-92.844552357481859
-92.844552357481874
-92.844552357481888
-92.844552357481888
-92.844552357481888
-92.844552357481874
-92.844552357481874
-92.844552357481859
-92.844552357481859
-92.844552357481874
-92.844552357481874
-92.844552357481888
-92.844552357481902
-92.844552357481930
-92.844552357481945
-92.844552357481973
-92.844552357481987
-92.844552357482044
-92.844552357482058
-92.844552357482101
-92.844552357482115
-92.844552357482158
-92.844552357482172
-92.844552357482215
-92.844552357482229
-92.844552357482257
-92.844552357482272
-92.844552357482300
-92.844552357482300
-92.844552357482314
-92.844552357482328
-92.844552357482328
-92.844552357482328
-92.844552357482328
-92.844552357482328
-92.844552357482328
-92.844552357482328
-92.844552357482328
-92.844552357482328
-92.844552357482314
-92.844552357482314
-92.844552357482328
-92.844552357482328
-92.844552357482328
-92.844552357482328
-92.844552357482343
-92.844552357482343
-92.844552357482357
-92.844552357482371
-92.844552357482385
-92.844552357482385
-92.844552357482414
-92.844552357482414
-92.844552357482428
-92.844552357482428
-92.844552524636782
-92.844552532254809
-92.844552538061734
-92.844552538181603
-92.844552538192858
-92.844552538192787
-92.844552538178007
-92.844552539420292
-92.844552540642397
-92.844552614385918
-92.844552614613576
-92.844552617576781
-92.844552617621048
-92.844552617523249
-92.844552617543755
-92.844552617814969
-92.844552617842979
-92.844552618063972
-92.844552618086354
-92.844552618199629
-92.844552618216397
-92.844552618328692
-92.844552618352722
-92.844552618452283
-92.844552618474196
-92.844552618517213
-92.844552618523835
-92.844552618522869
-92.844552618521163
-92.844552618507464
-92.844552618505475
-92.844552618496053
-92.844552618495982
-92.844552618494461
-92.844552618495712
-92.844552618500487
-92.844552618502675
-92.844552618510946
-92.844552618513674
-92.844552618523764
-92.844552618526919
-92.844552618539211
-92.844552618543332
-92.844552618557330
-92.844552618562275
-92.844552618574227
-92.844552618578106
-92.844552618584402
-92.844552618586064
-92.844552618587329
-92.844552618587457
-92.844552618586178
-92.844552618585752
-92.844552618583819
-92.844552618583435
-92.844552618581943
-92.844552618581815
-92.844552618581275
-92.844552618581446
-92.844552618581929
-92.844552618582355
-92.844552618583791
-92.844552618584444
-92.844552618586675
-92.844552618587556
-92.844552618590257
-92.844552618591294
-92.844552618593966
-92.844552618594960
-92.844552618597135
-92.844552618597930
-92.844552618599437
-92.844552618599963
-92.844552618600801
-92.844552618601099
-92.844552618601426
-92.844552618601554
-92.844552618601597
-92.844552618601639
-92.844552618601597
-92.844552618601625
-92.844552618601583
-92.844552618601625
-92.844552618601625
-92.844552618601682
-92.844552618601753
-92.844552618601824
-92.844552618601966
-92.844552618602052
-92.844552618602279
-92.844552618602393
-92.844552618602691
-92.844552618602847
-92.844552618603231
-92.844552618603402
-92.844552618603871
-92.844552618604069
-92.844552618604581
-92.844552618604794
-92.844552618605277
-92.844552618605491
-92.844552618605903
-92.844552618606059
-92.844552618606343
-92.844552618606443
-92.844552618606556
-92.844552618606585
-92.844552618606556
-92.844552618606542
-92.844552618606443
-92.844552618606414
-92.844552618606329
-92.844552618606301
-92.844552618606244
-92.844552618606244
-92.844552618606230
-92.844552618606244
-92.844552618606286
-92.844552618606329
-92.844552618606428
-92.844552618606485
-92.844552618606642
-92.844552618606727
-92.844552618606926
-92.844552618607011
-92.844552618607210
-92.844552618607295
-92.844552618607452
-92.844552618607523
-92.844552618607622
-92.844552618607651
-92.844552618607693
-92.844552618607693
-92.844552618607679
-92.844552618607679
-92.844552618607651
-92.844552618607636
-92.844552618607608
-92.844552618607608
-92.844552618607594
-92.844552618607594
-92.844552618607580
-92.844552618607594
-92.844552618607594
-92.844552618607608
-92.844552618607636
-92.844552618607651
-92.844552618607693
-92.844552618607707
-92.844552618607764
-92.844552618607779
-92.844552618607835
-92.844552618607850
-92.844552618607892
-92.844552618607906
-92.844552618607949
-92.844552618607963
-92.844552618607977
-92.844552618607992
-92.844552618608006
-92.844552618608006
-92.844552651750618
-92.844552653258290
-92.844552654409782
-92.844552654433315
-92.844552654435773
-92.844552654444470
-92.844552654690972
-92.844552654933480
-92.844552669567335
-92.844552669612597
-92.844552670199775
-92.844552670208500
-92.844552670191135
-92.844552670195228
-92.844552670255339
-92.844552670260882
-92.844552670303614
-92.844552670307635
-92.844552670330003
-92.844552670333314
-92.844552670356052
-92.844552670360756
-92.844552670378917
-92.844552670382626
-92.844552670389234
-92.844552670390087
-92.844552670388993
-92.844552670388566
-92.844552670385795
-92.844552670385497
-92.844552670383976
-92.844552670384033
-92.844552670384118
-92.844552670384417
-92.844552670385610
-92.844552670386079
-92.844552670387827
-92.844552670388367
-92.844552670390485
-92.844552670391124
-92.844552670393696
-92.844552670394549
-92.844552670397277
-92.844552670398201
-92.844552670400219
-92.844552670400830
-92.844552670401654
-92.844552670401839
-92.844552670401825
-92.844552670401796
-92.844552670401441
-92.844552670401328
-92.844552670400958
-92.844552670400901
-92.844552670400660
-92.844552670400660
-92.844552670400631
-92.844552670400688
-92.844552670400873
-92.844552670400958
-92.844552670401328
-92.844552670401470
-92.844552670401981
-92.844552670402166
-92.844552670402734
-92.844552670402933
-92.844552670403431
-92.844552670403615
-92.844552670403985
-92.844552670404113
-92.844552670404326
-92.844552670404411
-92.844552670404497
-92.844552670404525
-92.844552670404539
-92.844552670404539
-92.844552670404511
-92.844552670404511
-92.844552670404497
-92.844552670404497
-92.844552670404497
-92.844552670404511
-92.844552670404525
-92.844552670404539
-92.844552670404568
-92.844552670404582
-92.844552670404639
-92.844552670404667
-92.844552670404724
-92.844552670404752
-92.844552670404823
-92.844552670404852
-92.844552670404937
-92.844552670404980
-92.844552670405079
-92.844552670405122
-92.844552670405207
-92.844552670405250
-92.844552670405321
-92.844552670405349
-92.844552670405406
-92.844552670405434
-92.844552670405449
-92.844552670405463
-92.844552670405463
-92.844552670405463
-92.844552670405449
-92.844552670405434
-92.844552670405420
-92.844552670405420
-92.844552670405406
-92.844552670405406
-92.844552677049066
-92.844552677351345
-92.844552677582058
-92.844552677586833
-92.844552677587302
-92.844552677588084
-92.844552677636599
-92.844552677684305
-92.844552680552468
-92.844552680561762
-92.844552680681900
-92.844552680683648
-92.844552680679499
-92.844552680680351
-92.844552680692956
-92.844552680694107
-92.844552680702847
-92.844552680703671
-92.844552680708418
-92.844552680709143
-92.844552680714230
-92.844552680715296
-92.844552680719275
-92.844552680720085
-92.844552680721435
-92.844552680721605
-92.844552680721364
-92.844552680721264
-92.844552680720696
-92.844552680720625
-92.844552680720298
-92.844552680720312
-92.844552680720312
-92.844552680720383
-92.844552680720611
-92.844552680720710
-92.844552680721080
-92.844552680721193
-92.844552680721662
-92.844552680721804
-92.844552680722401
-92.844552680722586
-92.844552680723197
-92.844552680723396
-92.844552680723851
-92.844552680723979
-92.844552680724163
-92.844552680724192
-92.844552680724206
-92.844552680724192
-92.844552680724107
-92.844552680724092
-92.844552680724007
-92.844552680723993
-92.844552680723936
-92.844552680723936
-92.844552680723922
-92.844552680723950
-92.844552680723979
-92.844552680724007
-92.844552680724092
-92.844552680724121
-92.844552680724235
-92.844552680724235
-92.844552682057810
-92.844552682118604
-92.844552682164789
-92.844552682165656
-92.844552682165698
-92.844552682164277
-92.844552682173614
-92.844552682182808
-92.844552682727993
-92.844552682730068
-92.844552682756031
-92.844552682756472
-92.844552682755591
-92.844552682755776
-92.844552682757879
-92.844552682758078
-92.844552682759868
-92.844552682760053
-92.844552682761446
-92.844552682761645
-92.844552682763023
-92.844552682763279
-92.844552682764316
-92.844552682764515
-92.844552682765027
-92.844552682765098
-92.844552682765098
-92.844552682765070
-92.844552682764899
-92.844552682764885
-92.844552682764771
-92.844552682764771
-92.844552682764757
-92.844552682764771
-92.844552682764828
-92.844552682764842
-92.844552682764956
-92.844552682764956
-92.844552682991420
-92.844552683001581
-92.844552683009397
-92.844552683009709
-92.844552683009951
-92.844552683011983
-92.844552683013973
-92.844552683137152
-92.844552683137422
-92.844552683140748
-92.844552683140819
-92.844552683140748
-92.844552683140776
-92.844552683141046
-92.844552683141075
-92.844552683141416
-92.844552683141458
-92.844552683141600
-92.844552683141600
-92.844552683202565
-92.844552683205251
-92.844552683207510
-92.844552683207240
-92.844552683207596
-92.844552683207965
-92.844552683227136
-92.844552683227363
-92.844552683228997
-92.844552683229097
-92.844552683229480
-92.844552683229480
-92.844552683229281
-92.844552683229296
-92.844552683229352
-92.844552683229367
-92.844552683229509
-92.844552683229523
-92.844552683229637
-92.844552683229651
-92.844552683229793
-92.844552683229821
-92.844552683229949
-92.844552683229978
-92.844552683230063
-92.844552683230077
-92.844552683230091
-92.844552683230106
-92.844552683230091
-92.844552683230091
-92.844552683230063
-92.844552683230063
-92.844552683230049
-92.844552683230049
-92.844552683230049
-92.844552683230063
-92.844552683230063
