0.0001026388062268942
0.0001014094724122866
0.0000482588904080930
0.0000360353648205525
0.0000336878385642849
0.0000190833412061166
0.0000165647930994957
0.0000157746730558398
0.0000124899226444186
0.0000112563495150105
0.0000079704902810757
0.0000075173460851614
0.0000062008178937738
0.0000050262493378784
0.0000044453639816441
0.0000041272282943297
0.0000035768370992981
0.0000030570557350999
0.0000025331747188887
0.0000022743202132619
0.0000021190008516168
0.0000017644218143273
0.0000016119601707190
0.0000012850107807257
0.0000012115633435149
0.0000009718495527679
0.0000008762345033774
0.0000008292403816686
0.0000007740777122250
0.0000007299649472128
0.0000006788324360180
0.0000005837795686016
0.0000005333082234241
0.0000004534787211909
0.0000003736329605473
0.0000003465074140592
0.0000003035268996077
0.0000002744265310058
0.0000002510047275355
0.0000002353300189950
0.0000002042145368463
0.0000001908238823396
0.0000001609027822940
0.0000001531145858623
0.0000001388808491746
0.0000001310849566684
0.0000001236810377815
0.0000001164079331199
0.0000001081614818405
0.0000001048698628633
0.0000001016856746371
0.0000000973574960829
0.0000000915666578742
0.0000000870914146404
0.0000000835233815156
0.0000000780925544697
0.0000000750687052095
0.0000000711557598422
0.0000000678458108582
0.0000000640084734428
0.0000000612188473785
0.0000000588449063767
0.0000000539382081750
0.0000000507058528802
0.0000000467940450197
0.0000000445938089135
0.0000000409750630312
0.0000000386718541408
0.0000000356390286032
0.0000000342887719014
0.0000000324535052357
0.0000000314343583097
0.0000000294222274994
0.0000000280322746546
0.0000000269670540963
0.0000000257397109938
0.0000000245413990616
0.0000000235411869092
0.0000000224916701156
0.0000000214281332105
0.0000000203911196735
0.0000000196691519516
0.0000000189863361208
0.0000000180505191581
0.0000000173255196106
0.0000000166527671481
0.0000000161702947267
0.0000000155873236530
0.0000000150151400423
0.0000000145246211673
0.0000000140069906985
0.0000000134749566645
0.0000000129556190575
0.0000000124535409469
0.0000000119618751200
0.0000000111314593876
0.0000000106949680601
0.0000000099684255168
0.0000000099684255168
0.0000000099684255168
0.0000000099684255168
0.0000000099684255168
0.0000000099684255168
0.0000000099684255168
0.0000000099684255168
0.0000000099684255168
0.0000000099684255168
0.0000809108387432728
0.0000799444935364709
0.0000266401750045761
0.0000169907073461082
0.0000166634262381578
0.0000084392646077754
0.0000061208713608586
0.0000058666216363136
0.0000045764450872564
0.0000041529623605193
0.0000026397030097488
0.0000023237215374008
0.0000015729132902324
0.0000014988144191517
0.0000013062493162902
0.0000010595813524792
0.0000009120283664083
0.0000007796678211897
0.0000005790373650962
0.0000004908559563868
0.0000004272931433358
0.0000002998219329796
0.0000002687785280760
0.0000002301208554465
0.0000001867167003478
0.0000001422333967999
0.0000001379793430931
0.0000001135356397453
0.0000001072834919618
0.0000000977189314226
0.0000000913457903182
0.0000000817601740374
0.0000000697158793858
0.0000000627017990800
0.0000000515367802048
0.0000000479824804174
0.0000000440574011572
0.0000000427734019777
0.0000000349076451992
0.0000000329849810006
0.0000000290572727050
0.0000000267384169161
0.0000000238056724926
0.0000000214964252935
0.0000000204297055494
0.0000000188411446232
0.0000000181016190897
0.0000000168136761482
0.0000000162439988023
0.0000000139160770475
0.0000000134506375150
0.0000000124523196305
0.0000000117502387282
0.0000000107532120737
0.0000000100689045418
0.0000000097596067099
0.0000000097596067099
0.0000000097596067099
0.0000000097596067099
0.0000000097596067099
0.0000000097596067099
0.0000000097596067099
0.0000000097596067099
0.0000127060678112455
0.0000125963935594371
0.0000051383230171647
0.0000039245174250585
0.0000037228446887788
0.0000019245798888903
0.0000013481362722938
0.0000012869675119969
0.0000009988414763511
0.0000009398507510371
0.0000005363388132553
0.0000004522215053713
0.0000003548539049999
0.0000002901848337651
0.0000002709052050828
0.0000002337191922518
0.0000002214230922755
0.0000001587421155985
0.0000001541006444521
0.0000001194010775516
0.0000001152148382082
0.0000000853865618505
0.0000000743549131317
0.0000000609690777977
0.0000000565821385580
0.0000000517265561365
0.0000000437849693181
0.0000000412671951315
0.0000000372767137479
0.0000000351702671690
0.0000000312585503291
0.0000000299746720789
0.0000000249499808194
0.0000000233016488459
0.0000000214376509245
0.0000000206110718919
0.0000000195275222362
0.0000000188359336649
0.0000000176303053053
0.0000000166768273899
0.0000000154952931365
0.0000000143912161637
0.0000000128553067567
0.0000000122234205236
0.0000000109518564784
0.0000000106479838532
0.0000000101714773787
0.0000000097515025699
0.0000000097515025699
0.0000000097515025699
0.0000000097515025699
0.0000000097515025699
0.0000000097515025699
0.0000000097515025699
0.0000000097515025699
0.0000064775554152804
0.0000064258872286697
0.0000026165942083473
0.0000016675226321843
0.0000012704286461290
0.0000007299811326610
0.0000005300842552758
0.0000004685246928573
0.0000003825341969800
0.0000003499627291324
0.0000002728421466461
0.0000002419439627925
0.0000002205462717867
0.0000001349889931564
0.0000001271172677822
0.0000001041315743573
0.0000000855869256268
0.0000000720908537754
0.0000000666700960993
0.0000000459437405632
0.0000000415006465906
0.0000000318840110800
0.0000000300843986957
0.0000000256678823672
0.0000000245510709964
0.0000000206532453941
0.0000000183102897483
0.0000000139496379855
0.0000000129609637360
0.0000000118699230105
0.0000000112368671517
0.0000000091649485059
0.0000000091649485059
0.0000000091649485059
0.0000000091649485059
0.0000000091649485059
0.0000000091649485059
0.0000000091649485059
0.0000000091649485059
0.0000037023588031125
0.0000036736985880288
0.0000015105067791790
0.0000009086295321160
0.0000006665045385657
0.0000004361529042412
0.0000004093254916783
0.0000002889049443698
0.0000002770989330498
0.0000002118918732227
0.0000001936764694084
0.0000001480042325073
0.0000001429139697941
0.0000000897809010374
0.0000000822805230080
0.0000000606854982063
0.0000000496922078695
0.0000000372374455289
0.0000000338115181644
0.0000000276272632494
0.0000000197306382040
0.0000000171152244507
0.0000000147057961983
0.0000000136565895586
0.0000000105527279003
0.0000000101123386623
0.0000000075535489648
0.0000000075535489648
0.0000000075535489648
0.0000000075535489648
0.0000000075535489648
0.0000000075535489648
0.0000000075535489648
0.0000022248781835849
0.0000022082536689035
0.0000009034262410001
0.0000005082662964589
0.0000004314517575114
0.0000002708587370023
0.0000002574750846231
0.0000001807123542378
0.0000001734058692242
0.0000001327300509567
0.0000001219807013121
0.0000000923037992569
0.0000000883871140521
0.0000000663129805129
0.0000000515470993323
0.0000000467724600489
0.0000000283369617341
0.0000000254767422065
0.0000000205008999562
0.0000000191795697041
0.0000000130565789787
0.0000000124564326783
0.0000000096288247014
0.0000000096288247014
0.0000000096288247014
0.0000000096288247014
0.0000000096288247014
0.0000000096288247014
0.0000000096288247014
0.0000014046801988430
0.0000013945113610837
0.0000005742256833752
0.0000003515147100595
0.0000002956767740702
0.0000001741540343708
0.0000001649309573673
0.0000001117933403938
0.0000001057106044259
0.0000000840112775712
0.0000000703020753038
0.0000000585903040287
0.0000000475330082380
0.0000000437049594003
0.0000000354694290542
0.0000000307155944025
0.0000000248089213003
0.0000000221096604650
0.0000000197108588119
0.0000000127899754482
0.0000000116362655684
0.0000000093877449326
0.0000000093877449326
0.0000000093877449326
0.0000000093877449326
0.0000000093877449326
0.0000000093877449326
0.0000009253683168827
0.0000009188544173560
0.0000003742975152897
0.0000002696061500963
0.0000002069916782766
0.0000001098032797375
0.0000001022185814263
0.0000000730345126238
0.0000000649016101021
0.0000000575735016139
0.0000000454069765664
0.0000000409727598583
0.0000000342409351569
0.0000000326044483247
0.0000000215077836993
0.0000000204378877625
0.0000000184804067743
0.0000000119994506017
0.0000000104007240599
0.0000000089138950885
0.0000000089138950885
0.0000000089138950885
0.0000000089138950885
0.0000000089138950885
0.0000000089138950885
0.0000006294651480880
0.0000006251316485464
0.0000002536033452319
0.0000001984180222094
0.0000001732602822649
0.0000000736699136655
0.0000000682167931864
0.0000000456205177746
0.0000000436162980727
0.0000000312436887589
0.0000000285972325830
0.0000000253775519269
0.0000000219888140410
0.0000000208210734549
0.0000000176060385234
0.0000000148252965176
0.0000000114169842148
0.0000000097010859667
0.0000000097010859667
0.0000000097010859667
0.0000000097010859667
0.0000000097010859667
0.0000000097010859667
0.0000004380656797838
0.0000004350830521741
0.0000001806970318785
0.0000001374456289138
0.0000001048678763102
0.0000000560429089344
0.0000000503450273790
0.0000000306203290047
0.0000000268290574697
0.0000000214691559974
0.0000000196189693296
0.0000000174484924750
0.0000000149466608011
0.0000000125206904191
0.0000000099560500634
0.0000000099560500634
0.0000000099560500634
0.0000000099560500634
0.0000000099560500634
0.0000000099560500634
0.0000003085501602778
0.0000003064748286352
0.0000001278088653339
0.0000000923931597956
0.0000000837137008381
0.0000000416106681224
0.0000000373332420564
0.0000000186607149146
0.0000000173249994846
0.0000000137003384881
0.0000000127544514964
0.0000000114986966307
0.0000000102805665685
0.0000000093518178735
0.0000000093518178735
0.0000000093518178735
0.0000000093518178735
0.0000000093518178735
0.0000002193674288987
0.0000002179036497744
0.0000000930344357203
0.0000000781789340590
0.0000000710053253517
0.0000000364920128869
0.0000000296331510311
0.0000000140425898052
0.0000000124617744806
0.0000000100841620143
0.0000000088005130466
0.0000000088005130466
0.0000000088005130466
0.0000000088005130466
0.0000001569005529881
0.0000001558565465356
0.0000000696259715042
0.0000000537177389730
0.0000000503108244134
0.0000000233215550706
0.0000000208305200386
0.0000000111669711649
0.0000000100943897457
0.0000000072528891756
0.0000000072528891756
0.0000000072528891756
0.0000000072528891756
0.0000001134998793445
0.0000001127467839550
0.0000000522162022247
0.0000000454435356274
0.0000000351176710047
0.0000000249180226003
0.0000000199016350624
0.0000000120148857709
0.0000000092916747547
0.0000000092916747547
0.0000000092916747547
0.0000000092916747547
0.0000000828494869336
0.0000000822868825592
0.0000000506776951420
0.0000000332002936121
0.0000000306476509434
0.0000000161305557427
0.0000000146545176888
0.0000000099839795389
0.0000000099839795389
0.0000000099839795389
0.0000000099839795389
0.0000000608945266417
0.0000000604912692469
0.0000000368509360135
0.0000000299256818072
0.0000000183855883743
0.0000000147911700993
0.0000000077062418297
0.0000000077062418297
0.0000000077062418297
0.0000000077062418297
0.0000000444641194860
0.0000000441527543393
0.0000000338803128803
0.0000000169329850778
0.0000000149505643451
0.0000000077610876800
0.0000000077610876800
0.0000000077610876800
0.0000000324093556373
0.0000000321770280236
0.0000000233719688286
0.0000000208910869097
0.0000000134438007632
0.0000000118291704314
0.0000000036140149602
0.0000000036140149602
0.0000000036140149602
0.0000000235364517671
0.0000000233596962731
0.0000000196338219835
0.0000000139351488597
0.0000000093480799475
0.0000000093480799475
0.0000000093480799475
