0.0000000000000000000
0.0000000000000000000
0.0000000000000000000
0.0000000000000000000
0.0000000000000000000
0.0000000000000000000
0.0000000000000000000
0.0000000000000000000
0.0000000000000000000
0.0000000000000000000
0.0000000000000000000
0.0000000000000000000
0.0000000000000000000
0.0000000000000000000
0.0000000000000000000
0.0000000000000000000
0.0000000000000000000
0.0000000000000000000
0.0000000000000000000
0.0000000000000000000
0.0000000000000000000
0.0000000000000000000
0.0000000000000000000
0.0000000000000000000
0.0000000000000000000
0.0000000000000000000
0.0000000000000000000
0.0000000000000000000
0.0000000000000000000
0.0000000000000000000
0.0000000000000000000
0.0000000000000000000
0.0000000000000000000
0.0000000000000000000
0.0000000000000000000
0.0000000000000000000
0.0000000000000000000
0.0000000000000000000
0.0000000000000000000
0.0000000000000000000
0.0000000000000000000
0.0000000000000000000
0.0000000000000000000
0.0000000000000000000
0.0000000000000000000
0.0000000000000000000
0.0000000000000000000
0.0000000000000000000
0.0000000000000000000
0.0000000000000000000
0.0000000000000000000
0.0000000000000000000
0.0000000000000000000
0.0000000000000000000
0.0000000000000000000
0.0000000000000000000
0.0000000000000000000
0.0000000000000000000
0.0000000000000000000
0.0000000000000000000
0.0000000000000000000
0.0000000000000000000
0.0000000000000000000
0.0000000000000000000
0.0000000000000000000
0.0000000000000000000
0.0000000000000000000
0.0000000000000000000
0.0000000000000000000
0.0000000000000000000
0.0000000000000000000
0.0000000000000000000
0.0000000000000000000
0.0000000000000000000
0.0000000000000000000
0.0000000000000000000
0.0000000000000000000
0.0000000000000000000
0.0000000000000000000
0.0000000000000000000
0.0000000000000000000
0.0000000000000000000
0.0000000000000000000
0.0000000000000000000
0.0000000000000000000
0.0000000000000000000
0.0000000000000000000
0.0000000000000000000
0.0000000000000000000
0.0000000000000000000
0.0000000000000000000
0.0000000000000000000
0.0000000000000000000
0.0000000000000000000
0.0000000000000000000
0.0000000000000000000
0.0000000000000000000
0.0000000000000000000
0.0002006493334545489
0.0000734254091942200
0.0000291654805277058
0.0000050187704654119
0.0000012402780840908
0.0000003894456034000
0.0000000675011342470
0.0000000134440020798
0.0000000025485236258
0.0000000025485236258
0.0000000025485236258
0.0000000025485236258
0.0000000025485236258
0.0000000025485236258
0.0000000025485236258
0.0000000025485236258
0.0000000025485236258
0.0000000025485236258
0.0000000025485236258
0.0000000025485236258
0.0000000025485236258
0.0000000025485236258
0.0000000025485236258
0.0000000025485236258
0.0000000025485236258
0.0000000025485236258
0.0000000025485236258
0.0000000025485236258
0.0000000025485236258
0.0000000025485236258
0.0000000025485236258
0.0000000025485236258
0.0000000025485236258
0.0000000025485236258
0.0000000025485236258
0.0000000025485236258
0.0000000025485236258
0.0000000025485236258
0.0000000025485236258
0.0000000025485236258
0.0000000025485236258
0.0000000025485236258
0.0000000025485236258
0.0000000025485236258
0.0000000025485236258
0.0000000025485236258
0.0000000025485236258
0.0000000025485236258
0.0000000025485236258
0.0000000025485236258
0.0000000025485236258
0.0000000025485236258
0.0000000025485236258
0.0000000025485236258
0.0000000025485236258
0.0000000025485236258
0.0000000025485236258
0.0000000025485236258
0.0000000025485236258
0.0000000025485236258
0.0000000025485236258
0.0000000025485236258
0.0000000025485236258
0.0000000025485236258
0.0000000025485236258
0.0000181694079225843
0.0000066714258319677
0.0000023374296365671
0.0000003626884384741
0.0000001144337456346
0.0000000362855301367
0.0000000078594308082
0.0000000078594308082
0.0000000078594308082
0.0000000078594308082
0.0000000078594308082
0.0000000078594308082
0.0000000078594308082
0.0000000078594308082
0.0000000078594308082
0.0000000078594308082
0.0000000078594308082
0.0000000078594308082
0.0000000078594308082
0.0000000078594308082
0.0000000078594308082
0.0000000078594308082
0.0000000078594308082
0.0000000078594308082
0.0000000078594308082
0.0000000078594308082
0.0000000078594308082
0.0000000078594308082
0.0000000078594308082
0.0000000078594308082
0.0000000078594308082
0.0000000078594308082
0.0000000078594308082
0.0000000078594308082
0.0000000078594308082
0.0000000078594308082
0.0000000078594308082
0.0000000078594308082
0.0000000078594308082
0.0000000078594308082
0.0000000078594308082
0.0000000078594308082
0.0000000078594308082
0.0000000078594308082
0.0000000078594308082
0.0000000078594308082
0.0000000078594308082
0.0000000078594308082
0.0000000078594308082
0.0000000078594308082
0.0000000078594308082
0.0000000078594308082
0.0000000078594308082
0.0000000078594308082
0.0000000078594308082
0.0000104832822713188
0.0000050544328768320
0.0000008783388855339
0.0000002041708338905
0.0000000814211623697
0.0000000230877430222
0.0000000038657507394
0.0000000038657507394
0.0000000038657507394
0.0000000038657507394
0.0000000038657507394
0.0000000038657507394
0.0000000038657507394
0.0000000038657507394
0.0000000038657507394
0.0000000038657507394
0.0000000038657507394
0.0000000038657507394
0.0000000038657507394
0.0000000038657507394
0.0000000038657507394
0.0000000038657507394
0.0000000038657507394
0.0000000038657507394
0.0000000038657507394
0.0000000038657507394
0.0000000038657507394
0.0000000038657507394
0.0000000038657507394
0.0000000038657507394
0.0000000038657507394
0.0000000038657507394
0.0000000038657507394
0.0000000038657507394
0.0000000038657507394
0.0000000038657507394
0.0000000038657507394
0.0000000038657507394
0.0000000038657507394
0.0000056636603579197
0.0000026494526494020
0.0000005153951313412
0.0000001180035328108
0.0000000452869492741
0.0000000136994595574
0.0000000023562843603
0.0000000023562843603
0.0000000023562843603
0.0000000023562843603
0.0000000023562843603
0.0000000023562843603
0.0000000023562843603
0.0000000023562843603
0.0000000023562843603
0.0000000023562843603
0.0000000023562843603
0.0000000023562843603
0.0000000023562843603
0.0000000023562843603
0.0000000023562843603
0.0000000023562843603
0.0000000023562843603
0.0000000023562843603
0.0000000023562843603
0.0000000023562843603
0.0000000023562843603
0.0000000023562843603
0.0000000023562843603
0.0000000023562843603
0.0000000023562843603
0.0000000023562843603
0.0000000023562843603
0.0000000023562843603
0.0000030569876848454
0.0000013333501196031
0.0000003179919709979
0.0000000684351403487
0.0000000245757105377
0.0000000083668577757
0.0000000083668577757
0.0000000083668577757
0.0000000083668577757
0.0000000083668577757
0.0000000083668577757
0.0000000083668577757
0.0000000083668577757
0.0000000083668577757
0.0000000083668577757
0.0000000083668577757
0.0000000083668577757
0.0000000083668577757
0.0000000083668577757
0.0000000083668577757
0.0000000083668577757
0.0000000083668577757
0.0000000083668577757
0.0000000083668577757
0.0000000083668577757
0.0000000083668577757
0.0000000083668577757
0.0000000083668577757
0.0000000083668577757
0.0000017161409416973
0.0000006718746334875
0.0000002052456154938
0.0000000425973007957
0.0000000138582711042
0.0000000052258909143
0.0000000052258909143
0.0000000052258909143
0.0000000052258909143
0.0000000052258909143
0.0000000052258909143
0.0000000052258909143
0.0000000052258909143
0.0000000052258909143
0.0000000052258909143
0.0000000052258909143
0.0000000052258909143
0.0000000052258909143
0.0000000052258909143
0.0000000052258909143
0.0000000052258909143
0.0000000052258909143
0.0000000052258909143
0.0000000052258909143
0.0000000052258909143
0.0000000052258909143
0.0000000052258909143
0.0000000052258909143
0.0000010180786356506
0.0000003454850839034
0.0000001327433429918
0.0000000284164884170
0.0000000082221925144
0.0000000082221925144
0.0000000082221925144
0.0000000082221925144
0.0000000082221925144
0.0000000082221925144
0.0000000082221925144
0.0000000082221925144
0.0000000082221925144
0.0000000082221925144
0.0000000082221925144
0.0000000082221925144
0.0000000082221925144
0.0000000082221925144
0.0000000082221925144
0.0000000082221925144
0.0000000082221925144
0.0000000082221925144
0.0000000082221925144
0.0000000082221925144
0.0000000082221925144
0.0000006432005403821
0.0000001871475732151
0.0000000819456722027
0.0000000204177597332
0.0000000052324075751
0.0000000052324075751
0.0000000052324075751
0.0000000052324075751
0.0000000052324075751
0.0000000052324075751
0.0000000052324075751
0.0000000052324075751
0.0000000052324075751
0.0000000052324075751
0.0000000052324075751
0.0000000052324075751
0.0000000052324075751
0.0000000052324075751
0.0000000052324075751
0.0000000052324075751
0.0000000052324075751
0.0000000052324075751
0.0000000052324075751
0.0000004266134486626
0.0000001094124106448
0.0000000463050913747
0.0000000150488614357
0.0000000035206348004
0.0000000035206348004
0.0000000035206348004
0.0000000035206348004
0.0000000035206348004
0.0000000035206348004
0.0000000035206348004
0.0000000035206348004
0.0000000035206348004
0.0000000035206348004
0.0000000035206348004
0.0000000035206348004
0.0000000035206348004
0.0000000035206348004
0.0000000035206348004
0.0000000035206348004
0.0000002964343995860
0.0000000707433933285
0.0000000248541922126
0.0000000104344759023
0.0000000025106803352
0.0000000025106803352
0.0000000025106803352
0.0000000025106803352
0.0000000025106803352
0.0000000025106803352
0.0000000025106803352
0.0000000025106803352
0.0000000025106803352
0.0000000025106803352
0.0000000025106803352
0.0000000025106803352
0.0000000025106803352
0.0000000025106803352
0.0000000025106803352
0.0000002090290891976
0.0000000487368863315
0.0000000138882444179
0.0000000051321692170
0.0000000051321692170
0.0000000051321692170
0.0000000051321692170
0.0000000051321692170
0.0000000051321692170
0.0000000051321692170
0.0000000051321692170
0.0000000051321692170
0.0000000051321692170
0.0000000051321692170
0.0000000051321692170
0.0000001489086739629
0.0000000352081439017
0.0000000095620575708
0.0000000095620575708
0.0000000095620575708
0.0000000095620575708
0.0000000095620575708
0.0000000095620575708
0.0000000095620575708
0.0000000095620575708
0.0000000095620575708
0.0000000095620575708
0.0000000095620575708
0.0000001084953338358
0.0000000268400959837
0.0000000078662233907
0.0000000078662233907
0.0000000078662233907
0.0000000078662233907
0.0000000078662233907
0.0000000078662233907
0.0000000078662233907
0.0000000078662233907
0.0000000078662233907
0.0000000078662233907
0.0000000788071135337
0.0000000197729771571
0.0000000059087224810
0.0000000059087224810
0.0000000059087224810
0.0000000059087224810
0.0000000059087224810
0.0000000059087224810
0.0000000059087224810
0.0000000059087224810
0.0000000059087224810
0.0000000574527527086
0.0000000145887588126
0.0000000044941899616
0.0000000044941899616
0.0000000044941899616
0.0000000044941899616
0.0000000044941899616
0.0000000044941899616
0.0000000044941899616
0.0000000044941899616
0.0000000421648682781
0.0000000108049131320
0.0000000033875880245
0.0000000033875880245
0.0000000033875880245
0.0000000033875880245
0.0000000033875880245
0.0000000033875880245
0.0000000033875880245
0.0000000303593154718
0.0000000078364581203
0.0000000078364581203
0.0000000078364581203
0.0000000078364581203
0.0000000078364581203
0.0000000078364581203
0.0000000078364581203
0.0000000078364581203
0.0000000236221578804
0.0000000066018025839
0.0000000066018025839
0.0000000066018025839
0.0000000066018025839
0.0000000066018025839
0.0000000066018025839
0.0000000151805672859
0.0000000044514227679
