49.2432751257368863662
49.2432428768945840147
49.2420752011636011503
49.2420014087838211481
49.2419766172817503502
49.2418995696960735131
49.2418892676817563370
49.2418840585622632489
49.2418691513971964469
49.2418617520809789312
49.2418512929057214933
49.2418489129506440349
49.2418463487119595356
49.2418430624985745681
49.2418420429470984345
49.2418414922787235355
49.2418407751873417055
49.2418402883465660125
49.2418397847842044257
49.2418396103486628590
49.2418394959627221397
49.2418392547282621763
49.2418391720876513773
49.2418390089749919980
49.2418389666358677914
49.2418388942909786010
49.2418388583055417485
49.2418388446347847776
49.2418388311346006958
49.2418388221444018882
49.2418388115003295979
49.2418387932358143644
49.2418387847990999262
49.2418387756195414795
49.2418387656654772400
49.2418387632410059496
49.2418387608275622824
49.2418387591347794796
49.2418387584476562324
49.2418387580564171913
49.2418387567144577588
49.2418387561031067889
49.2418387551975342831
49.2418387550061567026
49.2418387546508284913
49.2418387543375075666
49.2418387540687945148
49.2418387538921535906
49.2418387536499153612
49.2418387535755641693
49.2418387534935249050
49.2418387533554522406
49.2418387531564292203
49.2418387530287020581
49.2418387529207706166
49.2418387527769141343
49.2418387526687837408
49.2418387525595733223
49.2418387524899259233
49.2418387523960063845
49.2418387523329101896
49.2418387522869096529
49.2418387522071725471
49.2418387521551181862
49.2418387521048543931
49.2418387520770863830
49.2418387520395697265
49.2418387520146580982
49.2418387519967239996
49.2418387519937539309
49.2418387519843463451
49.2418387519757061455
49.2418387519619500381
49.2418387519558251597
49.2418387519511355777
49.2418387519441296263
49.2418387519361857585
49.2418387519300324584
49.2418387519237654715
49.2418387519189337809
49.2418387519161484533
49.2418387519135052344
49.2418387519090430260
49.2418387519031313104
49.2418387518988680540
49.2418387518955000814
49.2418387518925868562
49.2418387518882525455
49.2418387518847708861
49.2418387518815734438
49.2418387518787739054
49.2418387518762301625
49.2418387518738285280
49.2418387518714126827
49.2418387518690110483
49.2418387518651030632
49.2418387518634688149
49.2418387518609961262
-304.2710012703298616543
-304.2713580776137405337
-304.2714070739056637649
-304.2714171201504314013
-304.2714178140505509873
-304.2714178338662804890
-304.2714178369207616015
-304.2714178370242166238
-304.2714178370287640973
-304.2714376009564034575
-304.2714568658624330055
-304.2722013734708070842
-304.2722220009279112674
-304.2722228043784866713
-304.2722400284689001637
-304.2722429717442196306
-304.2722433732434978992
-304.2722449804407460761
-304.2722457248028149479
-304.2722469847835782275
-304.2722472905396671194
-304.2722476407155340894
-304.2722476875900383675
-304.2722477552313193883
-304.2722478549502511669
-304.2722478960727130470
-304.2722479309408072368
-304.2722479608527237360
-304.2722479724932327372
-304.2722479783074049919
-304.2722479892870524054
-304.2722479911824962073
-304.2722479934008674718
-304.2722479956664187739
-304.2722479980191678806
-304.2722479982533627663
-304.2722479992194735132
-304.2722479995348408011
-304.2722479998837457060
-304.2722480001597205046
-304.2722480004740077675
-304.2722480008699221798
-304.2722480010307890552
-304.2722480012428718510
-304.2722480012986920883
-304.2722480013371750829
-304.2722480013518406849
-304.2722480014289203609
-304.2722480014503503298
-304.2722480014817847405
-304.2722480015021346844
-304.2722480015201540482
-304.2722480015340238424
-304.2722480015394239672
-304.2722480015485757576
-304.2722480015526116404
-304.2722480015582959822
-304.2722480015611381532
-304.2722480015694941358
-304.2722480015715973423
-304.2722480015753490079
-304.2722480015785322394
-304.2722480015826249655
-304.2722480015856945101
-304.2722480015869450654
-304.2723378291773315141
-304.2723402015687383937
-304.2723405388002788641
-304.2723405924334088013
-304.2723405948137269661
-304.2723405949928974223
-304.2723405950113715335
-304.2723410862711261871
-304.2723415684617975785
-304.2723670000718811934
-304.2723680364867959725
-304.2723681641276698429
-304.2723691590534826901
-304.2723693383687759706
-304.2723693610623172390
-304.2723694485853229708
-304.2723694680358335063
-304.2723695403091710432
-304.2723695570497284280
-304.2723695666464891474
-304.2723695733723729973
-304.2723695748841237219
-304.2723695778801129563
-304.2723695788334907775
-304.2723695826715584190
-304.2723695829844245964
-304.2723695848802663022
-304.2723695851407228474
-304.2723695863529655981
-304.2723695868544950827
-304.2723695871180780159
-304.2723695872134612728
-304.2723695872791722650
-304.2723695873964402381
-304.2723695874220197766
-304.2723695874513509807
-304.2723695874672102946
-304.2723695874876170819
-304.2723695874930172067
-304.2723695875250200515
-304.2723695875374687603
-304.2723695875470184546
-304.2723695875529301702
-304.2723695875598082239
-304.2723695875648104447
-304.2723695875723706195
-304.2723695875785097087
-304.2723695875853309190
-304.2723695875924363463
-304.2723695875996554605
-304.2723695876031229091
-304.2723695876084093470
-304.2723695876101714930
-304.2723695876123883863
-304.2723695876146052797
-304.2723834117909973429
-304.2723840088819997618
-304.2723841953877581545
-304.2723842060323704573
-304.2723842069693205303
-304.2723842070798241366
-304.2723842070898285783
-304.2723843352977723953
-304.2723844613356050104
-304.2723917095953538592
-304.2723921238923594501
-304.2723922169813590699
-304.2723923024631744738
-304.2723923207656184786
-304.2723923284586931004
-304.2723923376537413787
-304.2723923425846805912
-304.2723923494854716409
-304.2723923533614538428
-304.2723923547900994890
-304.2723923602724198645
-304.2723923606317839585
-304.2723923616736101394
-304.2723923621759922753
-304.2723923625554789396
-304.2723923626782607244
-304.2723923630730951118
-304.2723923631283469149
-304.2723923632274818374
-304.2723923632431706210
-304.2723923632799483130
-304.2723923632880200785
-304.2723923633096774211
-304.2723923633218987561
-304.2723923633451477144
-304.2723923633486151630
-304.2723923633525942023
-304.2723923633549247825
-304.2723923633629965479
-304.2723968297629539848
-304.2723970130824682201
-304.2723970648947329209
-304.2723970685372592015
-304.2723970688646204508
-304.2723970688988970323
-304.2723970689027623848
-304.2723971112571916819
-304.2723971529167670269
-304.2723996224452776005
-304.2723997786520158115
-304.2723998085713787987
-304.2723998299467211837
-304.2723998318365374871
-304.2723998397378863956
-304.2723998406166856512
-304.2723998454296179261
-304.2723998465265822233
-304.2723998493075328042
-304.2723998495865203040
-304.2723998515839411994
-304.2723998519966812637
-304.2723998524970738799
-304.2723998527745834508
-304.2723998529198183860
-304.2723998529645541566
-304.2723998530029234644
-304.2723998530481139824
-304.2723998530581184241
-304.2723998530703966026
-304.2723998530748872327
-304.2723998530883591229
-304.2723998530906328597
-304.2723998530989888422
-304.2724014722904826158
-304.2724015306965839045
-304.2724015440581410985
-304.2724015453540573617
-304.2724015454674031389
-304.2724015454778623280
-304.2724015609535399562
-304.2724015761842224492
-304.2724025128144376140
-304.2724025733028838658
-304.2724025806912777625
-304.2724025896037574057
-304.2724025903186770847
-304.2724025933794109733
-304.2724025938075556041
-304.2724025954299804653
-304.2724025960253584344
-304.2724025970239836170
-304.2724025972090657888
-304.2724025977197470638
-304.2724025981154909459
-304.2724025981896147641
-304.2724025984381910348
-304.2724025984597915340
-304.2724025984911122578
-304.2724025984985019022
-304.2724025985198750277
-304.2724025985220350776
-304.2724025985299931563
-304.2724032471450072990
-304.2724032679263928003
-304.2724032714666009269
-304.2724032719736442232
-304.2724032720176978728
-304.2724032720222453463
-304.2724032782648464490
-304.2724032844116663910
-304.2724036740899009601
-304.2724036974867090066
-304.2724037015400426753
-304.2724037061765898216
-304.2724037064937192554
-304.2724037077626917380
-304.2724037079763661495
-304.2724037084597625835
-304.2724037088498789672
-304.2724037090616775458
-304.2724037092976914209
-304.2724037093633455697
-304.2724037094867526321
-304.2724037095379685525
-304.2724037095962899002
-304.2724037096124902746
-304.2724037096289748661
-304.2724037096692768500
-304.2724037096753590959
-304.2724037096804750036
-304.2724039909956559313
-304.2724039993105407120
-304.2724040003402024013
-304.2724040005440429013
-304.2724040005626306993
-304.2724040032953780610
-304.2724040059871981612
-304.2724041815728242000
-304.2724041889334785083
-304.2724041930718499316
-304.2724041954712674851
-304.2724041956670362197
-304.2724041960733529777
-304.2724041962164847064
-304.2724041963116405896
-304.2724041964882530920
-304.2724041965400374465
-304.2724041966344543653
-304.2724041966525305725
-304.2724041967483685767
-304.2724041967626362748
-304.2724041967819630372
-304.2724041968230039856
-304.2724041968284041104
-304.2724041968323263063
-304.2724043270700917674
-304.2724043307889587595
-304.2724043311525292665
-304.2724043312319395227
-304.2724043312406934092
-304.2724043325116554115
-304.2724043337638590856
-304.2724044172734352287
-304.2724044201286233147
-304.2724044214235163963
-304.2724044236429108423
-304.2724044237280622838
-304.2724044239294016734
-304.2724044239536169698
-304.2724044240455896215
-304.2724044240731018363
-304.2724044240973171327
-304.2724044241332990168
-304.2724044241423371204
-304.2724044241607543881
-304.2724044241776937270
-304.2724044241973615499
-304.2724044242035006391
-304.2724044867923112179
-304.2724044885624721246
-304.2724044887182799357
-304.2724044887463605846
-304.2724044887506238410
-304.2724044893697623593
-304.2724044899798059305
-304.2724045309823850403
-304.2724045324739563512
-304.2724045335713185523
-304.2724045342150702709
-304.2724045342867498221
-304.2724045344043020123
-304.2724045344280625613
-304.2724045344485830356
-304.2724045344592695983
-304.2724045344698993176
-304.2724045344867818130
-304.2724045344979231231
-304.2724045345111676397
-304.2724045660733054319
-304.2724045669714314499
-304.2724045670501027416
-304.2724045670609029912
-304.2724045670623240767
-304.2724045673699606596
-304.2724045676732202992
-304.2724045882781638284
-304.2724045891918080997
-304.2724045893888273895
-304.2724045898881968242
-304.2724045899231555268
-304.2724045899905149781
-304.2724045899951761385
-304.2724045900039300250
-304.2724045900075680038
-304.2724045900120017905
-304.2724045900182545665
-304.2724045900215514848
-304.2724046059828992838
-304.2724046064437288805
-304.2724046064840877079
-304.2724046064889193985
-304.2724046066446703662
-304.2724046067982044406
-304.2724046172589282833
-304.2724046175344483345
-304.2724046176991805623
-304.2724046180757682123
-304.2724046181344874640
-304.2724046181747894479
-304.2724046181784842702
-304.2724046181828043700
-304.2724046181859876015
-304.2724046262815704722
-304.2724046265221886642
-304.2724046265442439108
-304.2724046266239952274
-304.2724046267024959889
-304.2724046320387287778
-304.2724046322695130584
-304.2724046323212405696
-304.2724046325210451869
-304.2724046325328117746
-304.2724046325532754054
-304.2724046325555491421
-304.2724046325593008078
-304.2724046367892469789
-304.2724046369233974474
-304.2724046369368124942
-304.2724046369784218768
-304.2724046370194628253
-304.2724046397989354773
-304.2724046398752193454
-304.2724046399864619161
-304.2724046400414863456
-304.2724046400678616919
-304.2724046400857673689
-304.2724046400915653976
-304.2724046423095387581
-304.2724046423809909356
-304.2724046423875847722
-304.2724046424094126451
-304.2724046424310131442
-304.2724046436968023954
-304.2724046439522567198
-304.2724046439780067885
-304.2724046440446272754
-304.2724046440490610621
-304.2724046440571328276
-304.2724046452284483166
-304.2724046452664765638
-304.2724046452705692900
-304.2724046452823927211
-304.2724046452937045615
-304.2724046459763371786
-304.2724046460610907161
-304.2724046461461284707
-304.2724046461553371046
-304.2724046461669900054
-304.2724046467927792037
-304.2724046468139817989
-304.2724046468160850054
-304.2724046468222809381
-304.2724046468284200273
-304.2724046470816574583
-304.2724046472687291498
-304.2724046472806094243
-304.2724046472933423502
-304.2724046476166108732
-304.2724046476275248096
-304.2724046476308785714
-304.2724046476341186462
-304.2724046477756019158
-304.2724046478061836751
-304.2724046478598438625
-304.2724046478651871439
-304.2724046478784885039
-304.2724046480629453981
-304.2724046480699371386
-304.2724046480718698149
-304.2724046480736888043
-304.2724046481242794471
-304.2724046481699247124
-304.2724046481984601087
-304.2724046482721291795
-304.2724046482750281939
