0.000000000000000
9.3276928364337576E-003
6.7318530369565111E-003
8.2072532115192685E-003
1.0823247732806518E-002
4.2309130207132228E-002
9.1284201119480518E-002
5.4048566183952859E-002
3.0546766764936586E-002
2.4334823899790841E-002
7.3794160088258192E-003
7.6375005052471854E-003
6.3506612350470682E-003
1.8796221938309689E-003
1.5492334125088358E-003
2.5323946353539711E-003
1.3425458402089390E-003
3.3694709766615526E-004
1.0279660977152733E-003
5.3993143302901087E-004
3.9182651284508889E-004
1.6015862845696191E-004
1.0823147776310371E-003
5.5931697857229776E-004
2.1182844013765143E-004
6.6877012533487178E-005
4.7948731187029978E-004
3.3365138190779567E-004
2.5506677916197303E-004
1.4666998063658974E-004
4.2866448385274345E-004
3.2538855795354179E-004
1.5256021000024735E-004
6.9953903874695698E-005
2.1217551890641496E-004
9.8652808467895173E-005
1.2340489849900071E-004
1.0259533958841010E-004
2.2741873994756655E-004
7.2082892432235633E-005
1.1233764810420860E-004
2.5737510480074029E-005
3.3125767461670419E-005
3.0683501720704652E-005
1.3147843698824567E-004
4.2990650182643402E-005
1.8575464959652507E-005
1.5995397037897119E-005
5.0097771148271810E-005
1.6759645487770500E-005
3.8976735980443250E-005
2.4292038454271076E-005
6.8396124381906915E-005
1.3321139787724690E-005
3.2066586808328296E-005
1.7051126281071876E-005
3.3418033375920250E-005
1.6300591100708860E-005
4.4341447174800303E-005
7.7229859915424781E-006
3.8277866344569956E-005
1.7157961734722718E-005
2.2027829082914238E-005
1.7945210511149011E-005
3.3778287238614581E-005
4.4654870763805338E-006
3.2070356374759130E-006
1.9409437967651964E-006
1.0811079440003419E-005
7.5341229741863330E-006
8.5741501085029943E-006
1.5976480290983626E-006
8.0368272633641252E-006
5.8553851824701148E-006
7.7259909420406684E-006
2.0109937412533268E-006
1.0388938586146458E-005
4.1168847916371677E-006
6.8725916950672308E-006
3.4470869755086508E-006
1.4724356365571448E-005
8.1177586478879006E-006
7.7441713349125568E-006
3.6407092466460507E-006
5.7411725673302585E-006
4.7263763695875329E-006
5.8199600022731094E-006
4.3583004015704821E-006
9.5459928099287651E-006
4.1727309213038016E-006
6.2257387720290871E-006
3.0146027573590112E-006
3.8573332083612228E-006
9.8985814947910699E-007
1.4861048455508058E-006
1.5820974909299122E-006
1.5293511712136809E-006
6.5278108325580629E-007
1.1772517843037237E-006
1.6813869484415216E-006
4.9092112386306792E-007
1.6797088509807138E-007
1.6615324333349311E-006
6.4339471519319429E-007
1.0234646802491166E-006
1.1805570578019330E-006
2.5969679640826536E-006
9.6322350234300945E-007
1.4056197414412231E-006
7.3701557112219461E-007
9.0227493965256579E-007
1.1673202174874698E-006
1.4678073238216649E-006
4.4649105783760033E-007
4.4661783526937987E-007
3.9606462759800623E-007
1.8978442979577272E-006
4.3835896217287689E-007
1.5868637812687544E-007
9.4165848204879445E-008
8.0462354051275970E-007
1.5123546761378381E-007
2.0938707358197545E-007
2.0760618329095747E-007
4.1711729641311084E-007
1.1420476975501558E-007
1.8159348590117579E-007
1.9316882920843370E-007
4.3658794941395522E-008
7.0951631914248979E-008
7.0130991004925265E-007
2.0898196079878193E-007
1.4226022810327945E-007
6.3454192459259320E-008
3.1504487481568917E-007
1.2015826682084327E-007
1.1719881365974447E-007
5.3064806446497685E-008
3.1077967005462161E-007
9.2051574173483226E-008
1.0388759880690982E-007
2.0912794972348712E-007
1.9707704277647516E-007
4.9645734935339296E-008
8.4247888546859537E-008
1.2241965286141047E-007
1.0427740449179531E-007
4.4332579906847971E-008
1.5993649558748062E-007
7.7456731363411896E-008
6.9928010732309044E-008
7.8826433894295139E-008
7.1087413582563277E-008
3.4147983798992098E-008
8.9495294365081169E-008
6.4805440979835019E-008
2.7397789100589491E-008
1.0666676307655365E-008
3.8232545994961964E-008
2.7532808320907085E-008
2.7220562499534907E-008
5.8279633839322144E-009
