-303.7506647027324
-303.9269169912800
-304.0081170097667
-304.0154498042362
-304.0209118641600
-304.0427106157492
-304.0955351375125
-304.1391279725959
-304.1734906683705
-304.2106878534993
-304.2288142555992
-304.2464377009392
-304.2607775659533
-304.2657100676222
-304.2694652524096
-304.2739129903476
-304.2755706283162
-304.2759086089523
-304.2766933761488
-304.2770235123011
-304.2772190048238
-304.2773024828870
-304.2778815030657
-304.2780967110508
-304.2781574730164
-304.2781828702069
-304.2782811017759
-304.2783435023517
-304.2783724268794
-304.2783870586566
-304.2784184895837
-304.2784337742825
-304.2784400855348
-304.2784449209519
-304.2784590378943
-304.2784687948127
-304.2784809226607
-304.2784897065465
-304.2785084343744
-304.2785147697291
-304.2785239876354
-304.2785279196421
-304.2785334346254
-304.2785403226197
-304.2785622789307
-304.2785673191500
-304.2785695761017
-304.2785707463783
-304.2785757666716
-304.2785770852270
-304.2785796252299
-304.2785808442566
-304.2785832230437
-304.2785836870615
-304.2785850741195
-304.2785855332421
-304.2785864252685
-304.2785867990091
-304.2785875048559
-304.2785877227253
-304.2785884027663
-304.2785889866192
-304.2785895912334
-304.2785903032215
-304.2785910032944
-304.2785910728498
-304.2785911416552
-304.2785911586523
-304.2785913642023
-304.2785914928883
-304.2785916319417
-304.2785916544474
-304.2785918153729
-304.2785919228769
-304.2785920641213
-304.2785921059694
-304.2785923306491
-304.2785924229202
-304.2785925666543
-304.2785926474490
-304.2785929533459
-304.2785930953286
-304.2785932168264
-304.2785932614894
-304.2785933374366
-304.2785933860952
-304.2785934315710
-304.2785934671285
-304.2785935210929
-304.2785935454797
-304.2785935727413
-304.2785935825696
-304.2785935919748
-304.2785935947153
-304.2785935983435
-304.2785936026815
-304.2785936076257
-304.2785936100807
-304.2785936147453
-304.2785936220905
-304.2785936238961
-304.2785936244897
-304.2785936290488
-304.2785936304808
-304.2785936325214
-304.2785936348976
-304.2785936393939
-304.2785936411497
-304.2785936440294
-304.2785936463491
-304.2785936489656
-304.2785936511293
-304.2785936534522
-304.2785936540598
-304.2785936547244
-304.2785936551954
-304.2785936567142
-304.2785936569367
-304.2785936570345
-304.2785936571025
-304.2785936574790
-304.2785936575885
-304.2785936576842
-304.2785936578492
-304.2785936580723
-304.2785936581448
-304.2785936582284
-304.2785936582922
-304.2785936583226
-304.2785936583722
-304.2785936587375
-304.2785936588341
-304.2785936588955
-304.2785936589221
-304.2785936590643
-304.2785936591210
-304.2785936591664
-304.2785936591967
-304.2785936593154
-304.2785936593478
-304.2785936593854
-304.2785936594408
-304.2785936594926
-304.2785936595045
-304.2785936595259
-304.2785936595484
-304.2785936595718
-304.2785936595868
-304.2785936596257
-304.2785936596423
-304.2785936596549
-304.2785936596615
-304.2785936596688
-304.2785936596688
-304.2785936596812
-304.2785936596827
-304.2785936596867
-304.2785936596829
-304.2785936596840
-304.2785936596902
-304.2785936596969
-304.2785936596945
