0.000000000000000
0.000000000000000
0.000000000000000
0.000000000000000
0.000000000000000
0.000000000000000
0.000000000000000
0.000000000000000
0.000000000000000
0.000000000000000
0.000000000000000
0.000000000000000
9.4555503072117197E-003
8.9207683902942092E-003
0.1233587034705739
2.8911648944182640E-002
9.1195032484845492E-002
8.4555025986363698E-003
2.5057190901396482E-002
1.0816337671167050E-003
5.9032021806470223E-003
2.1520250564216149E-003
2.7254030073029911E-003
3.1236260098060919E-004
1.7840280388210005E-003
3.6794606850815511E-004
5.8525383382565391E-004
1.1875884808038480E-003
1.5395439299917420E-004
4.2809208829935761E-004
1.5890390994210724E-004
3.1473022070184779E-004
3.9158690580828755E-005
3.6457784287868399E-004
3.1337385587217674E-005
5.3757317735887135E-005
1.4958112184962349E-005
4.5136652188039186E-005
4.7863827353293818E-005
3.5556469134346892E-005
4.8076353831014806E-005
7.8290358011070223E-006
3.1919382951420592E-005
5.4133677826810796E-006
3.5631683889146233E-005
5.6659389538792579E-006
1.3847746276594264E-005
4.7018813781299355E-006
8.5252131830232504E-006
4.1403856367072981E-006
8.0115299128879958E-006
2.7817312935313106E-006
1.2641248203565849E-006
3.2588910887830169E-006
1.2627860952544746E-006
3.2734395903020821E-006
2.3768103214092909E-006
4.9361730689942096E-006
1.5809303800583922E-006
2.9598433133964003E-006
1.4397935770293790E-006
2.3696511809964736E-006
1.3232004839020378E-006
7.4823671011718983E-007
9.3994384322148440E-007
4.6163713389649461E-007
5.0802741623677311E-007
6.5888511201951039E-007
1.0680204806954746E-006
3.0266649982325372E-007
6.7264799027328104E-007
2.3167381680596951E-007
6.6270979961450196E-007
3.5621633495644667E-007
3.0300954810803652E-007
2.3499843711738886E-007
3.0995658846283115E-007
2.6056012611722489E-007
4.1785917273586916E-007
3.1013660926396541E-007
5.0268375664172584E-008
1.7142780325769410E-007
6.3172864435585372E-008
1.5817244590104646E-007
1.0737903982276033E-007
1.5275628866545506E-007
1.2662491898747019E-007
1.2928715429357568E-007
8.2751843048650540E-008
1.2195138280143575E-007
8.7188120063339269E-008
1.8466003460470184E-008
1.0004600146190611E-007
2.1705945409060237E-008
6.9732154897818483E-008
3.8165971205298161E-008
6.6246405557097166E-008
3.8434884786102296E-008
4.5482455245148599E-008
2.1938672190898122E-008
4.0899280041105110E-008
2.3775472986466678E-008
1.6465722740682366E-008
5.2603180112931180E-008
1.7156716792505825E-008
2.6531847766394448E-008
2.0240569405635146E-008
1.5259765005253861E-008
8.7447684247328960E-009
8.7447684247328960E-009
8.7447684247328960E-009
8.7447684247328960E-009
8.7447684247328960E-009
8.7447684247328960E-009
8.7447684247328960E-009
8.7447684247328960E-009
8.7447684247328960E-009
8.7447684247328960E-009
8.7322376828378809E-006
8.6503342061612655E-006
6.4247792198890918E-004
3.3726494923805262E-005
2.2157274503418250E-004
2.2201095618023251E-005
3.0524934125045048E-004
8.8331090898628111E-006
4.1507310288882866E-005
2.3797821194926583E-005
1.0958974583355669E-005
4.5809150144849937E-005
3.8382669417626147E-006
6.3197273738000025E-005
3.2595439836932608E-006
3.9434527017296798E-006
1.5973997495755951E-005
1.6834482177190756E-006
2.7425236841570513E-006
9.5474295164539827E-006
8.5592552121204058E-007
5.4254916257754201E-006
2.5858769956337697E-007
1.0867510100805872E-006
2.4052216168961964E-006
1.1322465732073103E-006
1.0059475238867409E-006
3.2157612846697136E-007
1.2450959604124753E-006
1.4945063145941811E-007
1.6438897130621052E-006
9.8422002964511758E-008
3.2924938766889129E-007
2.8469948418355965E-007
4.6350427856484016E-007
2.1273189943375367E-007
5.7320819456424438E-007
4.4890320592709468E-008
9.2973494101986195E-008
1.8889037798722758E-007
7.4397825217020868E-008
8.5730004306127940E-008
6.7181914719223820E-008
6.9014207765078574E-008
1.9433018894523187E-007
8.4246814561349235E-008
3.6497205736489425E-008
1.1566019565833501E-007
2.3562324743796294E-008
5.9614195785510443E-008
3.0862987858998938E-008
2.4897394677904900E-008
2.0889318079718137E-008
1.9809733385574147E-008
1.2384664431336768E-008
3.0995015233103562E-008
1.2163432093633758E-008
8.9548158477427844E-009
8.9548158477427844E-009
8.9548158477427844E-009
8.9548158477427844E-009
8.9548158477427844E-009
8.9548158477427844E-009
8.9548158477427844E-009
8.9548158477427844E-009
8.9548158477427844E-009
1.5052352235304292E-006
1.4657516699022120E-006
1.4332971409250622E-004
4.4691325632664789E-006
7.0236102570796322E-005
1.6462658225375307E-005
1.9613238039448260E-005
5.1913085951135365E-005
5.8132066259383239E-007
8.9714462141837235E-006
1.4226416062201550E-006
4.1020584952904044E-006
4.8511559722798277E-006
4.3923405519453833E-006
1.0854914468524721E-006
8.1841381957761302E-006
3.5999456936067154E-007
3.1707850415478707E-006
2.0601908565530077E-007
1.4019024016689849E-006
1.4023417874590628E-006
6.6020212044423417E-007
3.8549044071144420E-007
2.2642731447249927E-007
5.7198622960296930E-007
2.9564965742281652E-008
6.7557947407815945E-007
8.5847010676526139E-008
1.3623597273513659E-007
8.2290835739115327E-008
3.5576942984482681E-007
1.1185029634880152E-007
1.4659304228926894E-007
4.5344919165098797E-007
2.0454655110582649E-008
1.2183269163882991E-007
2.1700654884190727E-008
8.8861155746692072E-008
2.9393761890230041E-008
2.7425416770942739E-008
1.9169269519868706E-008
4.1346013336906679E-008
1.2125242075985759E-008
1.7301831651275240E-008
2.7546211373364717E-008
6.9571867818634098E-009
6.9571867818634098E-009
6.9571867818634098E-009
6.9571867818634098E-009
6.9571867818634098E-009
6.9571867818634098E-009
6.9571867818634098E-009
6.9571867818634098E-009
6.9571867818634098E-009
7.9387766139002691E-007
7.7338381678219451E-007
7.7603560015454551E-005
1.9230645744449162E-006
5.6025370257942510E-005
6.7013340559331187E-006
8.9311120107098179E-006
1.1810034150457614E-005
3.6103727899431666E-007
5.8517862432784890E-006
7.3508208703063283E-007
2.7705663463123357E-006
1.2789945650225976E-006
3.1559733201649988E-006
3.0048872396854547E-007
2.7627207027953849E-006
3.5729422927504608E-007
7.7100625191624266E-007
4.2282237404694776E-007
2.5422343792781028E-007
1.6261289218873009E-006
4.8245782964822233E-008
2.9383676835051935E-007
2.7603353565276518E-007
6.5323821599236326E-008
6.8494988262862171E-008
5.3952759758711617E-008
8.6998259529737591E-008
4.7846746975935940E-008
4.5875505046799428E-008
7.1049409020048388E-008
9.5026466645613690E-008
6.6122831849343109E-008
1.2609644835344687E-007
8.0038369034813485E-008
4.5368379116577096E-008
3.1814671528376977E-008
1.3109547049823491E-008
2.6223253784142714E-008
1.8312026882969105E-008
1.1034533833718120E-008
1.9477112576755334E-008
1.7288257140058299E-008
1.5952093951195497E-008
4.3121826687015465E-008
1.6833994237022965E-008
1.9653963653859427E-008
1.2381421454846026E-008
9.4586774324493742E-009
9.4586774324493742E-009
9.4586774324493742E-009
9.4586774324493742E-009
9.4586774324493742E-009
9.4586774324493742E-009
9.4586774324493742E-009
9.4586774324493742E-009
4.7286554226487779E-007
4.6127905468916842E-007
4.7675155660535121E-005
1.0393165884723759E-006
3.3427828187829538E-005
3.4863269423237547E-006
5.2125599878847781E-006
6.0776493282235577E-006
2.1961466458854340E-007
4.0195655291234519E-006
8.9407806132934322E-007
1.0634274955979123E-006
1.1705606272883945E-006
1.5477609344576163E-006
2.0290541180634915E-007
2.5409077691006684E-006
1.0891322776156095E-007
4.3437445878439588E-007
5.4554478564696911E-007
1.4556650630012379E-007
6.6189543546434201E-007
7.7293187127953438E-008
2.0367757918727868E-007
7.7615679302025928E-008
1.3882961573966656E-007
8.1627305652362636E-008
1.4863258846177446E-007
1.3221094032248732E-007
1.6763289255579299E-007
3.1568967434179569E-008
2.3150573577415762E-008
2.5162770878043814E-008
2.3622854807995841E-008
2.2281485961772416E-008
6.9341791532047264E-008
3.8283795948800592E-008
1.6435994331953155E-008
1.6823906833314662E-008
2.5766156640518001E-008
1.6514977966590015E-008
6.4825255477949550E-009
6.4825255477949550E-009
6.4825255477949550E-009
6.4825255477949550E-009
6.4825255477949550E-009
6.4825255477949550E-009
6.4825255477949550E-009
6.4825255477949550E-009
2.9710844444032771E-007
2.9015971323247271E-007
3.1122854411093632E-005
5.9569802051647938E-007
2.0100466162374009E-005
2.1601097740507537E-006
3.3889104188126711E-006
3.6961126695697607E-006
1.6634167645449232E-007
1.5695887079607427E-006
1.2682506641317161E-006
7.9166791423763546E-007
8.6698448681952012E-007
1.9666861350003655E-007
6.0821012980190458E-007
1.3519644605819747E-006
9.7919072359197491E-008
4.4269723668658468E-007
3.9986532898794769E-008
5.3140219792573632E-007
2.2051152563189000E-007
5.7588868025122333E-008
6.8071420830332451E-008
2.4580391177964395E-007
2.2018181677442916E-008
2.6098687196245669E-008
4.5920081529994126E-008
1.8819396909331306E-008
3.6392258206452458E-008
1.6167482037087427E-008
4.0514038173590118E-008
1.9427749099902483E-008
6.2575134310234363E-009
6.2575134310234363E-009
6.2575134310234363E-009
6.2575134310234363E-009
6.2575134310234363E-009
6.2575134310234363E-009
6.2575134310234363E-009
1.9498993780037227E-007
1.9067406721213120E-007
2.1306624320579032E-005
3.5258921263532708E-007
1.3090934249598339E-005
1.3879858539742756E-006
2.2156026512328451E-006
1.4352897948193852E-006
4.0941289478670776E-007
2.3559118648478537E-006
1.8630432638646393E-007
2.4445934878331031E-006
3.0421355611190515E-007
6.9704989190899519E-007
7.4921393349090323E-007
2.0936202150682999E-007
8.1999535040353238E-007
4.7910827796223496E-008
4.7486131015825894E-007
2.5354152568985944E-008
4.7174580007501714E-007
4.0480582556907867E-008
5.2266259461612045E-008
2.5481019829087113E-007
1.7772794403780785E-008
2.5523576293554916E-008
2.5305928709255367E-008
3.9118089941371234E-008
1.0833998496597507E-008
1.6015005617008868E-008
1.2475829234631530E-008
2.3080750880121389E-008
2.9225189576717535E-008
6.2387228669286162E-008
2.6295882032157786E-008
6.4728876159566755E-009
6.4728876159566755E-009
6.4728876159566755E-009
6.4728876159566755E-009
6.4728876159566755E-009
6.4728876159566755E-009
6.4728876159566755E-009
1.3277451147977280E-007
1.2993376992066879E-007
1.5027026457205113E-005
2.2341061120432765E-007
8.9923633751783558E-006
9.0294317058320164E-007
1.5095859265258574E-006
1.1699960457192368E-006
4.2011816262770217E-007
1.2796262640586180E-007
1.0157481537762688E-006
1.0545372188763284E-007
4.0515073967033561E-007
4.0359826972101845E-008
5.1248450317918884E-007
3.0866871953018298E-008
1.4655890786723332E-007
5.7620542625925118E-008
9.1733799515835539E-008
2.3143227931897382E-007
1.2135215921101660E-008
1.3981170615150164E-007
2.3374834763204167E-008
3.2030912010793611E-008
6.0744531475071754E-008
7.8373048144272480E-009
7.8373048144272480E-009
7.8373048144272480E-009
7.8373048144272480E-009
7.8373048144272480E-009
7.8373048144272480E-009
7.8373048144272480E-009
9.2759120174064466E-008
9.0835553910166522E-008
1.0800108517931674E-005
1.4771802504923894E-007
6.8911836791278969E-006
4.0704208798650150E-007
9.3456729657774177E-007
3.7972021958053909E-007
8.5369376110725809E-007
3.7551604308183068E-008
4.6566633530626690E-007
5.5053400389474966E-008
1.7663992806560506E-007
1.5628579465524483E-007
1.1714357300608633E-007
7.8298170657519952E-008
2.0605383450365660E-007
1.1994064041471825E-008
6.4679699797642695E-008
7.5328427491038405E-008
3.4212081307793395E-008
1.7256141872736712E-008
2.0004480257049567E-008
1.5495182054406672E-008
1.8154099023024963E-008
1.6844846070709718E-008
3.7790338014273840E-009
3.7790338014273840E-009
3.7790338014273840E-009
3.7790338014273840E-009
3.7790338014273840E-009
3.7790338014273840E-009
6.6463447360804693E-008
6.5090240399089188E-008
7.8531157488850294E-006
1.0128592529700565E-007
5.2322322277334990E-006
1.9706592145903860E-007
5.5650007701949282E-007
6.2341538502887162E-008
5.2798685693895893E-007
5.7757484329914742E-008
1.0128707733600173E-007
8.9439573236332964E-008
7.1991773777249103E-008
1.2797362075485583E-007
1.9559239289691148E-008
1.6399602677411529E-007
1.2095449081337256E-008
4.9240755492446270E-008
4.2852679842957541E-008
1.0666348694320467E-008
3.2978289724486519E-008
1.8242359590333605E-008
3.2081078172305539E-008
2.2857908681826509E-008
4.0520797880063942E-009
4.0520797880063942E-009
4.0520797880063942E-009
4.0520797880063942E-009
4.0520797880063942E-009
4.0520797880063942E-009
4.7062529925149252E-008
4.6115671253252586E-008
5.6368065078878430E-006
6.9873436491828331E-008
3.2629230395400644E-006
2.7408026302525935E-007
5.6554627587923054E-007
3.2569655158369855E-007
2.5449235301247109E-007
2.4752045226551383E-008
2.6711804160583800E-007
1.7202321096799429E-008
6.8037104210118364E-008
9.9048406351487857E-009
9.9048406351487857E-009
9.9048406351487857E-009
9.9048406351487857E-009
9.9048406351487857E-009
3.3152919962070890E-008
3.2548359383741388E-008
3.9198638819361672E-006
4.4033541852922888E-008
9.5317500591597455E-007
4.3376644065094535E-007
8.3097235273008802E-007
5.2082209310218685E-007
4.0069205328239589E-008
1.6073410266401463E-007
1.5829726111911785E-008
1.1947165372861606E-007
8.1606665247535376E-009
8.1606665247535376E-009
8.1606665247535376E-009
8.1606665247535376E-009
8.1606665247535376E-009
2.4771398385752471E-008
2.4267332666904199E-008
2.9193811087473779E-006
3.7759621503498821E-008
7.0982873294732155E-007
2.2175828362278813E-007
3.5715641097670072E-007
1.9891203082173038E-007
2.2136840575634548E-008
4.7417173779307538E-007
1.2922356346703779E-007
1.4081823491232144E-007
2.1482199017548991E-007
1.8489377756376224E-008
6.0605755025560415E-008
2.3056116808060837E-009
2.3056116808060837E-009
2.3056116808060837E-009
2.3056116808060837E-009
2.3056116808060837E-009
1.6946440087415368E-008
1.6645974672094138E-008
2.0828646582204072E-006
2.1209381714065047E-008
9.9187572822056338E-007
1.3593620871888297E-007
2.2575794354655199E-007
2.0657621564694949E-007
6.5794365451023586E-009
6.5794365451023586E-009
6.5794365451023586E-009
6.5794365451023586E-009
1.5224258139222985E-008
1.4853723800151979E-008
1.7465242827974027E-006
2.0487265320032366E-008
4.6422295586811976E-007
1.5872043388399859E-007
2.7686280846451771E-007
2.5201472489171296E-007
4.7908717716779842E-008
1.4390348794339878E-007
6.8051597669230963E-009
6.8051597669230963E-009
6.8051597669230963E-009
6.8051597669230963E-009
1.3534481065899117E-008
1.3046112243573199E-008
1.2081860443796344E-006
4.9256795173258194E-008
2.5609405147216554E-007
6.1987404391436273E-008
4.6203012670097037E-007
7.4071384743279807E-008
1.1737752026164964E-007
7.0155451711115357E-008
7.8218364437086712E-008
3.5410330750443409E-009
3.5410330750443409E-009
3.5410330750443409E-009
3.5410330750443409E-009
8.7023626738492745E-009
8.4122186299377985E-009
8.4122186299377985E-009
8.4122186299377985E-009
8.1997292398414722E-009
