-303.750664702733616
-303.922728590310498
-303.973565389886460
-304.004060731230879
-304.004133239115106
-304.004149332507154
-304.004151275917479
-304.004151313294358
-304.004151314597152
-304.004151314660646
-304.004151314666842
-304.004151314668093
-304.008526375310907
-304.012774478063193
-304.074786546215023
-304.092768714328088
-304.183218227958889
-304.196470451477808
-304.251298477073021
-304.254752736504656
-304.271016925419985
-304.273170094332784
-304.274947515675137
-304.275012704253129
-304.275927884251530
-304.276002812528418
-304.276258576148450
-304.276463130424929
-304.276476493224095
-304.276504716814088
-304.276510342070821
-304.276519088951034
-304.276520300475170
-304.276532000270436
-304.276532490656052
-304.276533685941786
-304.276534166920214
-304.276535328465286
-304.276535980361359
-304.276536810569610
-304.276537603362272
-304.276537686443476
-304.276538018501526
-304.276538056899426
-304.276538249638975
-304.276538275574921
-304.276538337099907
-304.276538355420939
-304.276538375752125
-304.276538382155650
-304.276538432361292
-304.276538448139263
-304.276538453992032
-304.276538460824042
-304.276538461684538
-304.276538464473617
-304.276538467558737
-304.276538471937840
-304.276538473176686
-304.276538474508811
-304.276538474832478
-304.276538476210533
-304.276538476797555
-304.276538477392251
-304.276538477930842
-304.276538478092220
-304.276538478345856
-304.276538478869156
-304.276538479377336
-304.276538479563101
-304.276538479831800
-304.276538479872045
-304.276538480002785
-304.276538480054739
-304.276538480139436
-304.276538480192357
-304.276538480232659
-304.276538480269664
-304.276538480335887
-304.276538480355725
-304.276538480359989
-304.276538480369311
-304.276538480372324
-304.276538480383806
-304.276538480388979
-304.276538480397335
-304.276538480401939
-304.276538480405748
-304.276538480408078
-304.276538480411602
-304.276538480413535
-304.276538480413933
-304.276538480416605
-304.276538480416889
-304.276538480419163
-304.276538480420470
-304.276538480422744
-304.276538480423483
-304.276538480424279
-304.276538480425074
-304.276538480426325
-304.276538480426609
-304.276538480427007
-304.276538480428030
-304.276538480428258
-304.276538480428997
-304.276538480428712
-304.276538480428769
-304.276538480428826
-304.278276685104345
-304.278321258000574
-304.278325594015314
-304.278326560694438
-304.278326637388375
-304.278326640130160
-304.278326640501632
-304.278326640525165
-304.278326641196543
-304.278330385686502
-304.278334042189215
-304.278485496534131
-304.278487101891301
-304.278492680809961
-304.278493013497837
-304.278498324674047
-304.278498498008446
-304.278499571696159
-304.278499694791151
-304.278499831134695
-304.278501082719231
-304.278501139372622
-304.278501551689146
-304.278501564627106
-304.278501583771686
-304.278501622526051
-304.278501624116245
-304.278501629072878
-304.278501641085541
-304.278501642695971
-304.278501652611965
-304.278501652890952
-304.278501653974388
-304.278501655623643
-304.278501656110905
-304.278501656423089
-304.278501656600554
-304.278501656991068
-304.278501657043989
-304.278501657456502
-304.278501657495724
-304.278501657586617
-304.278501657657159
-304.278501657738843
-304.278501657778747
-304.278501657842071
-304.278501657845084
-304.278501657857589
-304.278501657876063
-304.278501657880099
-304.278501657883226
-304.278501657885101
-304.278501657886409
-304.278501657894651
-304.278501657897834
-304.278501657899938
-304.278501657902268
-304.278501657903291
-304.278501657906475
-304.278501657907896
-304.278501657907839
-304.278501657908066
-304.278501657908009
-304.278501657908123
-304.278501657908805
-304.278501657909032
-304.278501657908976
-304.278543789003209
-304.278545442156144
-304.278545982991375
-304.278546011289677
-304.278546013380947
-304.278546013689663
-304.278546013713026
-304.278546014598874
-304.278546356987988
-304.278546693345447
-304.278565296793317
-304.278565393016834
-304.278566181633607
-304.278566190771869
-304.278566111141799
-304.278566771694841
-304.278566776448884
-304.278566815571821
-304.278566822420771
-304.278566843336364
-304.278566853156917
-304.278566858076317
-304.278566859676914
-304.278566872384999
-304.278566872910403
-304.278566877221181
-304.278566877577703
-304.278566878989920
-304.278566879808125
-304.278566880227004
-304.278566880389064
-304.278566880463757
-304.278566880600351
-304.278566880612061
-304.278566880724327
-304.278566880730182
-304.278566880739334
-304.278566880749281
-304.278566880787366
-304.278566880793392
-304.278566880806238
-304.278566880833125
-304.278566880834262
-304.278566880843812
-304.278566880844949
-304.278566880846256
-304.278566880847563
-304.278566880848132
-304.278566880848075
-304.278566880848985
-304.278566880848757
-304.278566880849269
-304.278566880849951
-304.278566880849951
-304.278577416145765
-304.278577925596380
-304.278578105580038
-304.278578114677032
-304.278578115544349
-304.278578115665425
-304.278578115674293
-304.278578115641039
-304.278578215226332
-304.278578313110245
-304.278583890932680
-304.278583916050309
-304.278584265736015
-304.278584271433090
-304.278584252280837
-304.278584357701845
-304.278584358771525
-304.278584368588554
-304.278584369988607
-304.278584375388050
-304.278584377523430
-304.278584380505436
-304.278584381010546
-304.278584384771762
-304.278584385176998
-304.278584385883107
-304.278584386119519
-304.278584386218256
-304.278584387050159
-304.278584387063916
-304.278584387115814
-304.278584387142473
-304.278584387146850
-304.278584387150204
-304.278584387154069
-304.278584387158787
-304.278584387161118
-304.278584387164813
-304.278584387167655
-304.278584387170326
-304.278584387173169
-304.278584387181127
-304.278584387184878
-304.278584387188630
-304.278584387191074
-304.278584387190847
-304.278584387191472
-304.278584387191131
-304.278584387191870
-304.278584387192382
-304.278584387192438
-304.278584387192666
-304.278584387193803
-304.278584387193575
-304.278584387193348
-304.278584387193291
-304.278584387193291
-304.278587774674008
-304.278587924026226
-304.278587970813874
-304.278587973742503
-304.278587974020354
-304.278587974052641
-304.278587973863921
-304.278588006272344
-304.278588038143596
-304.278589909486811
-304.278589917609622
-304.278590039264088
-304.278590041200005
-304.278590035186028
-304.278590067867242
-304.278590068252981
-304.278590072325244
-304.278590072583540
-304.278590073141515
-304.278590075172588
-304.278590076721059
-304.278590076881130
-304.278590078347804
-304.278590078441539
-304.278590078771174
-304.278590078971263
-304.278590078996444
-304.278590079122353
-304.278590079130481
-304.278590079146738
-304.278590079152593
-304.278590079155549
-304.278590079158846
-304.278590079168566
-304.278590079175274
-304.278590079180788
-304.278590079181242
-304.278590079181697
-304.278590079182209
-304.278590079182720
-304.278590079183914
-304.278590079185335
-304.278590079186301
-304.278590079186586
-304.278590079186358
-304.278590079187666
-304.278590079188348
-304.278590079188405
-304.278591288539758
-304.278591335005046
-304.278591346872645
-304.278591347887186
-304.278591347974839
-304.278591347986890
-304.278591347856434
-304.278591359540428
-304.278591371037066
-304.278592070616014
-304.278592073496100
-304.278592118267227
-304.278592118970380
-304.278592116655830
-304.278592129081915
-304.278592129267849
-304.278592130408072
-304.278592131068649
-304.278592131412552
-304.278592131729454
-304.278592131788685
-304.278592132218023
-304.278592132999108
-304.278592133036398
-304.278592133179188
-304.278592133195104
-304.278592133337042
-304.278592133398206
-304.278592133402185
-304.278592133407074
-304.278592133416851
-304.278592133417419
-304.278592133418044
-304.278592133418670
-304.278592133418897
-304.278592133420204
-304.278592133420545
-304.278592133421171
-304.278592133421967
-304.278592133421853
-304.278592613006936
-304.278592629154730
-304.278592632234506
-304.278592632627181
-304.278592632661400
-304.278592632688344
-304.278592637364511
-304.278592641968203
-304.278592932422214
-304.278592933513153
-304.278592951787573
-304.278592952058943
-304.278592951145015
-304.278592950676057
-304.278592950797361
-304.278592954208705
-304.278592954515716
-304.278592955964541
-304.278592956088119
-304.278592956393481
-304.278592956676221
-304.278592956717375
-304.278592956952536
-304.278592956964587
-304.278592957162232
-304.278592957171099
-304.278592957262447
-304.278592957268700
-304.278592957276487
-304.278592957294393
-304.278592957295189
-304.278592957296610
-304.278592957297008
-304.278592957296894
-304.278592957297462
-304.278592957297633
-304.278592957298201
-304.278592957297747
-304.278592957298258
-304.278592957299395
-304.278592957299736
-304.278592957299679
-304.278593165694872
-304.278593172079354
-304.278593172948604
-304.278593173109130
-304.278593173121806
-304.278593173103047
-304.278593175152650
-304.278593177172070
-304.278593308402549
-304.278593308856614
-304.278593316924855
-304.278593317045022
-304.278593316658771
-304.278593318348669
-304.278593318525338
-304.278593318557796
-304.278593318767378
-304.278593318783919
-304.278593318859691
-304.278593318868786
-304.278593318970991
-304.278593318975140
-304.278593318985941
-304.278593318993671
-304.278593319011918
-304.278593319029596
-304.278593319030961
-304.278593319037327
-304.278593319037043
-304.278593319037839
-304.278593319038748
-304.278593319038691
-304.278593416065178
-304.278593418882508
-304.278593419165702
-304.278593419226922
-304.278593419232948
-304.278593419270180
-304.278593420229356
-304.278593421176254
-304.278593484050077
-304.278593484249086
-304.278593488142576
-304.278593488190779
-304.278593488074534
-304.278593488374440
-304.278593488697766
-304.278593488702938
-304.278593488765807
-304.278593488773026
-304.278593488789738
-304.278593488803608
-304.278593488808042
-304.278593488810998
-304.278593488835043
-304.278593488836236
-304.278593488841352
-304.278593488844990
-304.278593488846525
-304.278593488847207
-304.278593488847093
-304.278593488847662
-304.278593488848173
-304.278593488847662
-304.278593488847719
-304.278593536218864
-304.278593537563495
-304.278593537680536
-304.278593537698725
-304.278593537695883
-304.278593538166717
-304.278593538630560
-304.278593569889779
-304.278593569984253
-304.278593571952911
-304.278593571971612
-304.278593572107184
-304.278593572115994
-304.278593572165789
-304.278593572170848
-304.278593572181478
-304.278593572185741
-304.278593572187390
-304.278593572199782
-304.278593572201203
-304.278593572209900
-304.278593572210411
-304.278593572213936
-304.278593572214504
-304.278593572214504
-304.278593572215527
-304.278593572215527
-304.278593572216153
-304.278593572216153
-304.278593572216153
-304.278593596044686
-304.278593596731753
-304.278593596781946
-304.278593596790017
-304.278593596801841
-304.278593597039901
-304.278593597273527
-304.278593613186501
-304.278593613233681
-304.278593614163356
-304.278593614176089
-304.278593614132149
-304.278593614271017
-304.278593614305407
-304.278593614306885
-304.278593614318481
-304.278593614319050
-304.278593614323654
-304.278593614323654
-304.278593626341603
-304.278593626692668
-304.278593626719612
-304.278593626723364
-304.278593626845691
-304.278593626966540
-304.278593635141874
-304.278593635172456
-304.278593635507491
-304.278593635617653
-304.278593635759137
-304.278593635784659
-304.278593635786024
-304.278593635792163
-304.278593635792731
-304.278593635796199
-304.278593635796142
-304.278593642121621
-304.278593642305054
-304.278593642318754
-304.278593642321368
-304.278593642384408
-304.278593642446992
-304.278593646731110
-304.278593646751062
-304.278593646920399
-304.278593646920797
-304.278593646897320
-304.278593646885497
-304.278593646888680
-304.278593646979914
-304.278593647007824
-304.278593647052162
-304.278593647069385
-304.278593647069442
-304.278593647071091
-304.278593647071091
-304.278593650402343
-304.278593650502557
-304.278593650512335
-304.278593650516029
-304.278593650548999
-304.278593650581740
-304.278593652856216
-304.278593652862696
-304.278593652989684
-304.278593652991560
-304.278593652982920
-304.278593653010773
-304.278593653010830
-304.278593654762915
-304.278593654815836
-304.278593654826864
-304.278593654844656
-304.278593654861425
-304.278593656029898
-304.278593656036321
-304.278593656092426
-304.278593656103794
-304.278593656120506
-304.278593656125395
-304.278593656125793
-304.278593656130283
-304.278593656130397
-304.278593657063425
-304.278593657092642
-304.278593657099577
-304.278593657108388
-304.278593657117199
-304.278593657680631
-304.278593657698536
-304.278593657759529
-304.278593657761576
-304.278593657787269
-304.278593657788235
-304.278593657790566
-304.278593657792328
-304.278593657794033
-304.278593657794033
-304.278593658293630
-304.278593658316765
-304.278593658309603
-304.278593658313923
-304.278593658313923
-304.278593658316993
-304.278593658320574
-304.278593658326372
