0.000000000000000
3.9030229785337474E-003
1.8208138864067849E-003
7.4460438409418197E-004
4.6732927395609315E-005
1.7239141944553268E-005
7.2758541546938771E-006
1.1194908505284489E-006
2.2970035447271999E-007
4.4628651307123188E-008
1.0536054787696833E-008
2.0833702604239498E-009
2.0833702604239498E-009
2.0833702604239498E-009
2.0833702604239498E-009
2.0833702604239498E-009
2.0833702604239498E-009
2.0833702604239498E-009
2.0833702604239498E-009
2.0833702604239498E-009
2.0833702604239498E-009
2.0833702604239498E-009
2.0833702604239498E-009
2.0833702604239498E-009
2.0833702604239498E-009
2.0833702604239498E-009
2.0833702604239498E-009
2.0833702604239498E-009
2.0833702604239498E-009
2.0833702604239498E-009
2.0833702604239498E-009
2.0833702604239498E-009
2.0833702604239498E-009
2.0833702604239498E-009
2.0833702604239498E-009
2.0833702604239498E-009
2.0833702604239498E-009
2.0833702604239498E-009
2.0833702604239498E-009
2.0833702604239498E-009
2.0833702604239498E-009
2.0833702604239498E-009
2.0833702604239498E-009
2.0833702604239498E-009
2.0833702604239498E-009
2.0833702604239498E-009
2.0833702604239498E-009
2.0833702604239498E-009
2.0833702604239498E-009
2.0833702604239498E-009
2.0833702604239498E-009
2.0833702604239498E-009
2.0833702604239498E-009
2.0833702604239498E-009
2.0833702604239498E-009
2.0833702604239498E-009
2.0833702604239498E-009
2.0833702604239498E-009
2.0833702604239498E-009
2.0833702604239498E-009
2.0833702604239498E-009
2.0833702604239498E-009
2.0833702604239498E-009
2.0833702604239498E-009
2.0833702604239498E-009
2.0833702604239498E-009
2.0833702604239498E-009
2.0833702604239498E-009
2.0833702604239498E-009
2.0833702604239498E-009
2.0833702604239498E-009
2.0833702604239498E-009
2.0833702604239498E-009
2.0833702604239498E-009
2.0833702604239498E-009
2.0833702604239498E-009
2.0833702604239498E-009
2.0833702604239498E-009
2.0833702604239498E-009
2.0833702604239498E-009
2.0833702604239498E-009
2.0833702604239498E-009
2.0833702604239498E-009
2.0833702604239498E-009
2.0833702604239498E-009
2.0833702604239498E-009
2.0833702604239498E-009
2.0833702604239498E-009
2.0833702604239498E-009
2.0833702604239498E-009
2.0833702604239498E-009
2.0833702604239498E-009
2.0833702604239498E-009
2.0833702604239498E-009
2.0833702604239498E-009
2.0833702604239498E-009
2.0833702604239498E-009
2.0833702604239498E-009
2.0833702604239498E-009
2.0833702604239498E-009
2.0833702604239498E-009
2.0833702604239498E-009
2.0833702604239498E-009
2.0833702604239498E-009
2.0833702604239498E-009
2.0833702604239498E-009
2.0833702604239498E-009
2.0833702604239498E-009
2.0833702604239498E-009
8.1292360967695802E-004
7.7020267469915117E-005
1.2762028386885786E-005
4.3824242364389511E-006
1.4284696361792351E-006
2.6561575607181604E-007
1.0972693023111367E-007
2.9528394684925503E-008
4.9043533265015662E-009
4.9043533265015662E-009
4.9043533265015662E-009
4.9043533265015662E-009
4.9043533265015662E-009
4.9043533265015662E-009
4.9043533265015662E-009
4.9043533265015662E-009
4.9043533265015662E-009
4.9043533265015662E-009
4.9043533265015662E-009
4.9043533265015662E-009
4.9043533265015662E-009
4.9043533265015662E-009
4.9043533265015662E-009
4.9043533265015662E-009
4.9043533265015662E-009
4.9043533265015662E-009
4.9043533265015662E-009
4.9043533265015662E-009
4.9043533265015662E-009
4.9043533265015662E-009
4.9043533265015662E-009
4.9043533265015662E-009
4.9043533265015662E-009
4.9043533265015662E-009
4.9043533265015662E-009
4.9043533265015662E-009
4.9043533265015662E-009
4.9043533265015662E-009
4.9043533265015662E-009
4.9043533265015662E-009
4.9043533265015662E-009
4.9043533265015662E-009
4.9043533265015662E-009
4.9043533265015662E-009
4.9043533265015662E-009
4.9043533265015662E-009
4.9043533265015662E-009
4.9043533265015662E-009
4.9043533265015662E-009
4.9043533265015662E-009
4.9043533265015662E-009
4.9043533265015662E-009
4.9043533265015662E-009
4.9043533265015662E-009
4.9043533265015662E-009
4.9043533265015662E-009
4.9043533265015662E-009
4.9043533265015662E-009
4.9043533265015662E-009
4.9043533265015662E-009
4.9043533265015662E-009
4.9043533265015662E-009
4.9043533265015662E-009
4.9043533265015662E-009
4.9043533265015662E-009
4.9043533265015662E-009
4.9043533265015662E-009
5.8968060189959484E-005
9.6584272228299631E-006
3.3834833909696676E-006
7.7285479750620444E-007
2.0766819954799655E-007
8.2719745369936720E-008
2.6293576418049823E-008
5.9921366964140378E-009
5.9921366964140378E-009
5.9921366964140378E-009
5.9921366964140378E-009
5.9921366964140378E-009
5.9921366964140378E-009
5.9921366964140378E-009
5.9921366964140378E-009
5.9921366964140378E-009
5.9921366964140378E-009
5.9921366964140378E-009
5.9921366964140378E-009
5.9921366964140378E-009
5.9921366964140378E-009
5.9921366964140378E-009
5.9921366964140378E-009
5.9921366964140378E-009
5.9921366964140378E-009
5.9921366964140378E-009
5.9921366964140378E-009
5.9921366964140378E-009
5.9921366964140378E-009
5.9921366964140378E-009
5.9921366964140378E-009
5.9921366964140378E-009
5.9921366964140378E-009
5.9921366964140378E-009
5.9921366964140378E-009
5.9921366964140378E-009
5.9921366964140378E-009
5.9921366964140378E-009
5.9921366964140378E-009
5.9921366964140378E-009
5.9921366964140378E-009
5.9921366964140378E-009
5.9921366964140378E-009
5.9921366964140378E-009
5.9921366964140378E-009
5.9921366964140378E-009
5.9921366964140378E-009
5.9921366964140378E-009
5.9921366964140378E-009
5.9921366964140378E-009
5.9921366964140378E-009
5.9921366964140378E-009
5.9921366964140378E-009
5.9921366964140378E-009
1.5802055725885209E-005
4.8855428787858483E-006
1.8887598848357183E-006
3.9434605399450563E-007
1.3707394737997577E-007
5.4695146594040857E-008
1.4758978211949542E-008
2.7950603902775625E-009
2.7950603902775625E-009
2.7950603902775625E-009
2.7950603902775625E-009
2.7950603902775625E-009
2.7950603902775625E-009
2.7950603902775625E-009
2.7950603902775625E-009
2.7950603902775625E-009
2.7950603902775625E-009
2.7950603902775625E-009
2.7950603902775625E-009
2.7950603902775625E-009
2.7950603902775625E-009
2.7950603902775625E-009
2.7950603902775625E-009
2.7950603902775625E-009
2.7950603902775625E-009
2.7950603902775625E-009
2.7950603902775625E-009
2.7950603902775625E-009
2.7950603902775625E-009
2.7950603902775625E-009
2.7950603902775625E-009
2.7950603902775625E-009
2.7950603902775625E-009
2.7950603902775625E-009
2.7950603902775625E-009
2.7950603902775625E-009
2.7950603902775625E-009
2.7950603902775625E-009
2.7950603902775625E-009
2.7950603902775625E-009
2.7950603902775625E-009
2.7950603902775625E-009
2.7950603902775625E-009
2.7950603902775625E-009
2.7950603902775625E-009
2.7950603902775625E-009
2.7950603902775625E-009
2.7950603902775625E-009
2.7950603902775625E-009
2.7950603902775625E-009
2.7950603902775625E-009
2.7950603902775625E-009
2.7950603902775625E-009
2.7950603902775625E-009
2.7950603902775625E-009
2.7950603902775625E-009
2.7950603902775625E-009
7.8527737554477622E-006
2.5094138778149769E-006
9.7377202086282549E-007
2.2116500498887041E-007
7.6480414213416423E-008
2.8358901023344778E-008
8.4610221938526047E-009
8.4610221938526047E-009
8.4610221938526047E-009
8.4610221938526047E-009
8.4610221938526047E-009
8.4610221938526047E-009
8.4610221938526047E-009
8.4610221938526047E-009
8.4610221938526047E-009
8.4610221938526047E-009
8.4610221938526047E-009
8.4610221938526047E-009
8.4610221938526047E-009
8.4610221938526047E-009
8.4610221938526047E-009
8.4610221938526047E-009
8.4610221938526047E-009
8.4610221938526047E-009
8.4610221938526047E-009
8.4610221938526047E-009
8.4610221938526047E-009
8.4610221938526047E-009
8.4610221938526047E-009
8.4610221938526047E-009
8.4610221938526047E-009
8.4610221938526047E-009
8.4610221938526047E-009
8.4610221938526047E-009
8.4610221938526047E-009
8.4610221938526047E-009
8.4610221938526047E-009
8.4610221938526047E-009
8.4610221938526047E-009
8.4610221938526047E-009
8.4610221938526047E-009
8.4610221938526047E-009
8.4610221938526047E-009
8.4610221938526047E-009
8.4610221938526047E-009
8.4610221938526047E-009
8.4610221938526047E-009
8.4610221938526047E-009
4.1682005235359487E-006
1.2846265404742564E-006
5.0117499420502897E-007
1.3059605947020068E-007
4.3541508226250563E-008
1.4837176316029416E-008
4.9081368290380437E-009
4.9081368290380437E-009
4.9081368290380437E-009
4.9081368290380437E-009
4.9081368290380437E-009
4.9081368290380437E-009
4.9081368290380437E-009
4.9081368290380437E-009
4.9081368290380437E-009
4.9081368290380437E-009
4.9081368290380437E-009
4.9081368290380437E-009
4.9081368290380437E-009
4.9081368290380437E-009
4.9081368290380437E-009
4.9081368290380437E-009
4.9081368290380437E-009
4.9081368290380437E-009
4.9081368290380437E-009
4.9081368290380437E-009
4.9081368290380437E-009
4.9081368290380437E-009
4.9081368290380437E-009
4.9081368290380437E-009
4.9081368290380437E-009
4.9081368290380437E-009
4.9081368290380437E-009
4.9081368290380437E-009
4.9081368290380437E-009
4.9081368290380437E-009
4.9081368290380437E-009
4.9081368290380437E-009
4.9081368290380437E-009
4.9081368290380437E-009
2.2884135213443013E-006
6.6841141103523035E-007
2.6271262327444290E-007
8.1652223981379371E-008
2.6229494747312597E-008
8.2461212588003576E-009
8.2461212588003576E-009
8.2461212588003576E-009
8.2461212588003576E-009
8.2461212588003576E-009
8.2461212588003576E-009
8.2461212588003576E-009
8.2461212588003576E-009
8.2461212588003576E-009
8.2461212588003576E-009
8.2461212588003576E-009
8.2461212588003576E-009
8.2461212588003576E-009
8.2461212588003576E-009
8.2461212588003576E-009
8.2461212588003576E-009
8.2461212588003576E-009
8.2461212588003576E-009
8.2461212588003576E-009
8.2461212588003576E-009
8.2461212588003576E-009
8.2461212588003576E-009
8.2461212588003576E-009
8.2461212588003576E-009
8.2461212588003576E-009
8.2461212588003576E-009
8.2461212588003576E-009
8.2461212588003576E-009
8.2461212588003576E-009
8.2461212588003576E-009
8.2461212588003576E-009
8.2461212588003576E-009
8.2461212588003576E-009
8.2461212588003576E-009
8.2461212588003576E-009
8.2461212588003576E-009
8.2461212588003576E-009
1.3130008937512874E-006
3.6072125947498281E-007
1.4225856229154803E-007
5.2775155745458623E-008
1.6830089806366407E-008
5.0062617303893817E-009
5.0062617303893817E-009
5.0062617303893817E-009
5.0062617303893817E-009
5.0062617303893817E-009
5.0062617303893817E-009
5.0062617303893817E-009
5.0062617303893817E-009
5.0062617303893817E-009
5.0062617303893817E-009
5.0062617303893817E-009
5.0062617303893817E-009
5.0062617303893817E-009
5.0062617303893817E-009
5.0062617303893817E-009
5.0062617303893817E-009
5.0062617303893817E-009
5.0062617303893817E-009
5.0062617303893817E-009
5.0062617303893817E-009
5.0062617303893817E-009
5.0062617303893817E-009
5.0062617303893817E-009
5.0062617303893817E-009
5.0062617303893817E-009
5.0062617303893817E-009
5.0062617303893817E-009
7.9265684931868102E-007
2.0595562600884211E-007
8.0030368703409678E-008
3.3707814510936964E-008
1.1183530615521963E-008
3.2869488377016918E-009
3.2869488377016918E-009
3.2869488377016918E-009
3.2869488377016918E-009
3.2869488377016918E-009
3.2869488377016918E-009
3.2869488377016918E-009
3.2869488377016918E-009
3.2869488377016918E-009
3.2869488377016918E-009
3.2869488377016918E-009
3.2869488377016918E-009
3.2869488377016918E-009
3.2869488377016918E-009
3.2869488377016918E-009
3.2869488377016918E-009
3.2869488377016918E-009
3.2869488377016918E-009
3.2869488377016918E-009
3.2869488377016918E-009
3.2869488377016918E-009
3.2869488377016918E-009
3.2869488377016918E-009
3.2869488377016918E-009
3.2869488377016918E-009
3.2869488377016918E-009
3.2869488377016918E-009
3.2869488377016918E-009
5.0532639274622562E-007
1.2656316593805250E-007
4.7500593948458183E-008
2.0984725000997064E-008
7.4629456794561452E-009
7.4629456794561452E-009
7.4629456794561452E-009
7.4629456794561452E-009
7.4629456794561452E-009
7.4629456794561452E-009
7.4629456794561452E-009
7.4629456794561452E-009
7.4629456794561452E-009
7.4629456794561452E-009
7.4629456794561452E-009
7.4629456794561452E-009
7.4629456794561452E-009
7.4629456794561452E-009
7.4629456794561452E-009
7.4629456794561452E-009
7.4629456794561452E-009
7.4629456794561452E-009
7.4629456794561452E-009
7.4629456794561452E-009
7.4629456794561452E-009
7.4629456794561452E-009
7.4629456794561452E-009
7.4629456794561452E-009
7.4629456794561452E-009
7.4629456794561452E-009
3.3741885554230897E-007
8.3672141167830848E-008
3.0443134144429262E-008
1.3208626407920217E-008
4.7265076944316204E-009
4.7265076944316204E-009
4.7265076944316204E-009
4.7265076944316204E-009
4.7265076944316204E-009
4.7265076944316204E-009
4.7265076944316204E-009
4.7265076944316204E-009
4.7265076944316204E-009
4.7265076944316204E-009
4.7265076944316204E-009
4.7265076944316204E-009
4.7265076944316204E-009
4.7265076944316204E-009
4.7265076944316204E-009
2.3294629475246535E-007
5.8009252636034838E-008
2.0892480162072886E-008
8.8026334806142366E-009
8.8026334806142366E-009
8.8026334806142366E-009
8.8026334806142366E-009
8.8026334806142366E-009
8.8026334806142366E-009
8.8026334806142366E-009
8.8026334806142366E-009
8.8026334806142366E-009
8.8026334806142366E-009
8.8026334806142366E-009
8.8026334806142366E-009
8.8026334806142366E-009
8.8026334806142366E-009
1.6434623610142276E-007
4.1865542828664421E-008
1.5368830635994889E-008
6.3381587775925031E-009
6.3381587775925031E-009
6.3381587775925031E-009
6.3381587775925031E-009
6.3381587775925031E-009
6.3381587775925031E-009
6.3381587775925031E-009
6.3381587775925031E-009
6.3381587775925031E-009
6.3381587775925031E-009
6.3381587775925031E-009
6.3381587775925031E-009
6.3381587775925031E-009
6.3381587775925031E-009
6.3381587775925031E-009
6.3381587775925031E-009
6.3381587775925031E-009
1.1724787237268420E-007
3.0343762880543821E-008
1.1399761952758542E-008
4.6414613312549688E-009
4.6414613312549688E-009
4.6414613312549688E-009
4.6414613312549688E-009
4.6414613312549688E-009
4.6414613312549688E-009
4.6414613312549688E-009
4.6414613312549688E-009
4.6414613312549688E-009
4.6414613312549688E-009
8.4627391525325661E-008
2.2220868375126046E-008
8.5032677165165182E-009
8.5032677165165182E-009
8.5032677165165182E-009
8.5032677165165182E-009
8.5032677165165182E-009
8.5032677165165182E-009
8.5032677165165182E-009
8.5032677165165182E-009
8.5032677165165182E-009
8.5032677165165182E-009
8.5032677165165182E-009
8.5032677165165182E-009
6.1226961121948684E-008
1.6518966656161249E-008
6.4378623440700583E-009
6.4378623440700583E-009
6.4378623440700583E-009
6.4378623440700583E-009
6.4378623440700583E-009
6.4378623440700583E-009
6.4378623440700583E-009
6.4378623440700583E-009
6.4378623440700583E-009
6.4378623440700583E-009
6.4378623440700583E-009
6.4378623440700583E-009
6.4378623440700583E-009
4.4799277106431565E-008
1.2167997999705442E-008
4.8056331524852094E-009
4.8056331524852094E-009
4.8056331524852094E-009
1.7520117843113639E-009
8.4351730831054337E-010
8.4351730831054337E-010
