0.000000000000000
3.9030229785392569E-003
1.3223868154488021E-003
2.7000011509050814E-004
6.4093908020721626E-005
1.1181167174531160E-004
1.0645406021701548E-004
2.6147056801856136E-004
5.6148059640102846E-005
1.1178524217677957E-004
3.7797288731421567E-004
8.0252387621396681E-005
1.4892083027492309E-004
2.6185236587198665E-004
5.9476756900379922E-005
1.1659686065072460E-004
6.3568994790652223E-005
4.4662058106067538E-005
8.6497445240733953E-005
3.4304176823664091E-005
1.8693487381803222E-005
1.0530307934117315E-005
5.5226039459848884E-005
2.4440165210992768E-005
1.2735027622556107E-005
7.6249786196831307E-006
1.7314246301108063E-005
2.0226419738417782E-005
8.0655935863104873E-006
5.9464189432027188E-006
1.5129927958595319E-005
7.7084437468321530E-006
3.1842112272905023E-006
2.3727383484816584E-006
3.9688881219392653E-006
3.7422667898538942E-006
3.9872965395483676E-006
3.3020903434911952E-006
6.1700068568042896E-006
3.1046643502731556E-006
4.6141692154140581E-006
2.0080109049362571E-006
2.0935823856870336E-006
3.1154411297635323E-006
1.2135776662019414E-005
4.6183151690393038E-006
2.1621680573182170E-006
8.8073697018737179E-007
3.3165025941660865E-006
1.2485499850640562E-006
2.1529675100688490E-006
1.4431767058060324E-006
2.8649012180460691E-006
7.3257038996309143E-007
1.5726715842267434E-006
7.8824274916643794E-007
1.2971923094675603E-006
6.9785392489815876E-007
1.2973217276065370E-006
4.1473904842757790E-007
1.2248162041268640E-006
8.7056612713080574E-007
1.0307217378836211E-006
1.4575632746817404E-006
1.6326239016054285E-006
2.9125861069926256E-007
2.7174714528778426E-007
1.3375043991343657E-007
6.2327777829292569E-007
4.1340626503192875E-007
5.1317707927381831E-007
9.8813435031076834E-008
4.1650418021643966E-007
2.8177281015346812E-007
4.1707492112237553E-007
1.3087989170282296E-007
4.8901341795004821E-007
2.0412758489199935E-007
3.4170945547205701E-007
2.0590652269714587E-007
7.9453326153301542E-007
4.3960343771697783E-007
4.9193050848009640E-007
2.5764106063587828E-007
3.6017515299909895E-007
2.9694821204582125E-007
3.1061941031198033E-007
2.2521148327560718E-007
3.7579717284770488E-007
2.2349527179431656E-007
3.1429489419587929E-007
1.2283594762675350E-007
1.3130566552734993E-007
4.5926463873269524E-008
6.9396461330143876E-008
6.0090049019552826E-008
7.5799810520954660E-008
4.3976972248915079E-008
8.2986036770837871E-008
1.4498020117755034E-007
3.9298485649856374E-008
1.2618431547466535E-008
7.8751863454664981E-008
2.5793898978902249E-008
4.2517666736727496E-008
4.6967742266315541E-008
9.4311341344776261E-008
3.7343028010272982E-008
8.2714738051939159E-008
6.2225328564551259E-008
7.8008370688145910E-008
6.7059744842321741E-008
8.7021205915592930E-008
2.9982436679318243E-008
3.4320917136995062E-008
2.5002419242837436E-008
1.0286749614384759E-007
2.8244549521874063E-008
1.1534913180915884E-008
6.5306778019401453E-009
2.9636479203123793E-008
1.1276796171973743E-008
8.5558296677913647E-009
1.2489675183289316E-008
1.3443082269985642E-008
6.7155321589443653E-009
6.9256017758808732E-009
7.1236540563805689E-009
2.4528743150170481E-009
4.2830148738715805E-009
3.2316179818661616E-008
1.2363408208003860E-008
7.0649883921879015E-009
4.5075380703610571E-009
1.4647769190061952E-008
7.4314889386319741E-009
6.9240182599332287E-009
3.9573413918062838E-009
2.1140919238205459E-008
6.6497710921687807E-009
8.5342905154544177E-009
1.0101243710376750E-008
1.1044894472505119E-008
2.1765945249195096E-009
4.8177279996122474E-009
5.4619004249242299E-009
5.6301829577210339E-009
2.7122374863887763E-009
1.2290395509533657E-008
5.9297709406778703E-009
4.5951270107498100E-009
4.1687324378970240E-009
3.7479605532147842E-009
1.8317656258105859E-009
4.2635632385215760E-009
2.8709754102543229E-009
1.3684402063358781E-009
8.5830442102137973E-010
2.0458751388883009E-009
1.3306004520924401E-009
1.3108225043387327E-009
5.7063108295018047E-010
