0.0000000000000000000
0.0000000000000000000
0.0000000000000000000
0.0000000000000000000
0.0000000000000000000
0.0000000000000000000
0.0000000000000000000
0.0023024770668904713
0.0009379762614615554
0.0002710774310118926
0.0000816048237448124
0.0000133775000589339
0.0000005577359413046
0.0000000893659537718
0.0000000043791867099
0.0000000043791867099
0.0000000043791867099
0.0000000043791867099
0.0000000043791867099
0.0000000043791867099
0.0000000043791867099
0.0004208465709196912
0.0002174687565015810
0.0000270690691747594
0.0000094909923331205
0.0000014888515195396
0.0000000494069276707
0.0000000092685444405
0.0000000092685444405
0.0000000092685444405
0.0000000092685444405
0.0000000092685444405
0.0000000092685444405
0.0000609186580126294
0.0000318593410015807
0.0000034559170996524
0.0000012261266577566
0.0000001862425407481
0.0000000062908002452
0.0000000062908002452
0.0000000062908002452
0.0000000062908002452
0.0000000062908002452
0.0000000062908002452
0.0000088176136440130
0.0000046298803323144
0.0000004753596531213
0.0000001685301251463
0.0000000254962938468
0.0000000009154088063
0.0000000009154088063
0.0000000009154088063
0.0000000009154088063
0.0000000009154088063
0.0000012603688833327
0.0000006628769849743
0.0000000663819519227
0.0000000234906323004
0.0000000035662232314
0.0000000035662232314
0.0000000035662232314
0.0000000035662232314
0.0000000035662232314
0.0000001791193912332
0.0000000937490894495
0.0000000099117352602
