18.5399622250962963221
18.5390893083346810499
18.5326902191353894978
18.5325593624680173832
18.5322590005805345470
18.5322589995308888433
18.5322589994766531163
-112.1381139383991012437
-112.1381947079713654603
-112.1382164072019946843
-112.1382181892036555837
-112.1382185275173242189
-112.1382185370047324113
-112.1382185370161437277
-112.1382185370163284688
-112.1382685336894269312
-112.1383125369004005734
-112.1386351347098724318
-112.1386398230555414557
-112.1386420606079923346
-112.1386420606081912865
-112.1386883172702937372
-112.1386907783622888246
-112.1386918205893721279
-112.1386918492802493574
-112.1386918537576491417
-112.1386918538535155676
-112.1386918538532597722
-112.1386926621694613004
-112.1386933722229457544
-112.1386985073838928884
-112.1386985558905138305
-112.1386985562394897897
-112.1386994015277736025
-112.1386994521567999072
-112.1386994742250493573
-112.1386994746870726658
-112.1386994747625038826
-112.1386994747638965464
-112.1386994903729004136
-112.1386995040742249330
-112.1386996025305933244
-112.1386996030105791533
-112.1386996030107212619
-112.1386996194496248336
-112.1386996205037149821
-112.1386996209673583280
-112.1386996209759558951
-112.1386996209775759326
-112.1386996209775048783
-112.1386996212859656907
-112.1386996215566256296
-112.1386996234964925634
-112.1386996235024753332
-112.1386996238261843928
-112.1386996238478417354
-112.1386996238570361584
-112.1386996238574056406
-112.1386996238574624840
-112.1386996238635873624
-112.1386996238689732763
-112.1386996239074562709
-112.1386996239075415360
-112.1386996239140216858
-112.1386996239143911680
-112.1386996239145190657
