0.0094747205442131683
0.0089019225610670986
0.0019368540713638935
0.0016551268696543113
0.0000036411951859873
0.0000008080204937295
0.0000000030168197083
0.0000000030168197083
0.0000000030168197083
0.0000000030168197083
0.0000000030168197083
0.0000000030168197083
0.0000000030168197083
0.0000000030168197083
0.0000000030168197083
0.0021315286000016427
0.0019997135422405452
0.0002279082354863743
0.0001310996544592352
0.0000000509044859332
0.0000000059937494188
0.0000000059937494188
0.0000000059937494188
0.0000000059937494188
0.0000000059937494188
0.0000000059937494188
0.0000000059937494188
0.0000000059937494188
0.0002709135430886958
0.0002539167441674293
0.0000189382544034499
0.0000021004912320651
0.0000000005127292452
0.0000000005127292452
0.0000000005127292452
0.0000000005127292452
0.0000000005127292452
0.0000000005127292452
0.0000000005127292452
0.0000376415052962171
0.0000352665938924735
0.0000018735076077495
0.0000000423337533119
0.0000000000029389433
0.0000000000029389433
0.0000000000029389433
0.0000000000029389433
0.0000000000029389433
0.0000000000029389433
0.0000000000029389433
0.0000052912578760148
0.0000049566386245707
0.0000002093228064074
0.0000000008477931067
0.0000000008477931067
0.0000000008477931067
0.0000000008477931067
0.0000000008477931067
0.0000000008477931067
0.0000007456062018164
0.0000006984057518805
0.0000000255905102121
0.0000000001719314028
0.0000000001719314028
0.0000000001719314028
0.0000000001719314028
