Elec Density Initial Guess
            1           2           3           4           5           6
    1   2.0718070  -0.2219461  -0.0000000  -0.0000000   0.0179971   0.0119140
    2  -0.2219461   0.8359533  -0.0000000   0.0000000  -0.0762097  -0.0018605
    3  -0.0000000  -0.0000000   0.6319598   0.0000000   0.0000000   0.0000000
    4  -0.0000000   0.0000000   0.0000000   0.7577946   0.0000000   0.0000000
    5   0.0179971  -0.0762097   0.0000000   0.0000000   0.5554020  -0.0424980
    6   0.0119140  -0.0018605   0.0000000   0.0000000  -0.0424980   2.1106521
    7  -0.0066941  -0.1755801  -0.0000000  -0.0000000  -0.0086436  -0.4646046
    8   0.0000000   0.0000000   0.1405628   0.0000000  -0.0000000   0.0000000
    9   0.0000000   0.0000000   0.0000000   0.8257804  -0.0000000   0.0000000
   10   0.1472805  -0.4184526  -0.0000000  -0.0000000  -0.5935288  -0.0955612
   11  -0.1108835   0.2910709   0.4456016  -0.0000000  -0.2517818   0.0102520
   12  -0.1108835   0.2910709  -0.4456016   0.0000000  -0.2517818   0.0102520
            7           8           9          10          11          12
    1  -0.0066941   0.0000000   0.0000000   0.1472805  -0.1108835  -0.1108835
    2  -0.1755801   0.0000000   0.0000000  -0.4184526   0.2910709   0.2910709
    3  -0.0000000   0.1405628   0.0000000  -0.0000000   0.4456016  -0.4456016
    4  -0.0000000   0.0000000   0.8257804  -0.0000000  -0.0000000   0.0000000
    5  -0.0086436  -0.0000000  -0.0000000  -0.5935288  -0.2517818  -0.2517818
    6  -0.4646046   0.0000000   0.0000000  -0.0955612   0.0102520   0.0102520
    7   2.0509156   0.0000000  -0.0000000   0.5517013  -0.0256292  -0.0256292
    8   0.0000000   1.9197221  -0.0000000  -0.0000000  -0.3517213   0.3517213
    9  -0.0000000  -0.0000000   0.8998656   0.0000000  -0.0000000   0.0000000
   10   0.5517013  -0.0000000   0.0000000   1.0331884   0.1184715   0.1184715
   11  -0.0256292  -0.3517213  -0.0000000   0.1184715   0.6165715  -0.2270813
   12  -0.0256292   0.3517213   0.0000000   0.1184715  -0.2270813   0.6165715

Elec Density Initial Guess:
2.07180697154
-0.22194607781
-0.00000000000
-0.00000000000
0.01799713641
0.01191402458
-0.00669405223
0.00000000000
0.00000000000
0.14728047977
-0.11088347368
-0.11088347368
-0.22194607781
0.83595330929
-0.00000000000
0.00000000000
-0.07620970563
-0.00186046381
-0.17558012068
0.00000000000
0.00000000000
-0.41845256663
0.29107087397
0.29107087397
-0.00000000000
-0.00000000000
0.63195977361
0.00000000000
0.00000000000
0.00000000000
-0.00000000000
0.14056275723
0.00000000000
-0.00000000000
0.44560156695
-0.44560156695
-0.00000000000
0.00000000000
0.00000000000
0.75779457814
0.00000000000
0.00000000000
-0.00000000000
0.00000000000
0.82578041826
-0.00000000000
-0.00000000000
0.00000000000
0.01799713641
-0.07620970563
0.00000000000
0.00000000000
0.55540197393
-0.04249796935
-0.00864361432
-0.00000000000
-0.00000000000
-0.59352875102
-0.25178176297
-0.25178176297
0.01191402458
-0.00186046381
0.00000000000
0.00000000000
-0.04249796935
2.11065208892
-0.46460455593
0.00000000000
0.00000000000
-0.09556119710
0.01025198722
0.01025198722
-0.00669405223
-0.17558012068
-0.00000000000
-0.00000000000
-0.00864361432
-0.46460455593
2.05091561975
0.00000000000
-0.00000000000
0.55170134793
-0.02562920309
-0.02562920309
0.00000000000
0.00000000000
0.14056275723
0.00000000000
-0.00000000000
0.00000000000
0.00000000000
1.91972212018
-0.00000000000
-0.00000000000
-0.35172130116
0.35172130116
0.00000000000
0.00000000000
0.00000000000
0.82578041826
-0.00000000000
0.00000000000
-0.00000000000
-0.00000000000
0.89986563490
0.00000000000
-0.00000000000
0.00000000000
0.14728047977
-0.41845256663
-0.00000000000
-0.00000000000
-0.59352875102
-0.09556119710
0.55170134793
-0.00000000000
0.00000000000
1.03318837766
0.11847151537
0.11847151537
-0.11088347368
0.29107087397
0.44560156695
-0.00000000000
-0.25178176297
0.01025198722
-0.02562920309
-0.35172130116
-0.00000000000
0.11847151537
0.61657149380
-0.22708134196
-0.11088347368
0.29107087397
-0.44560156695
0.00000000000
-0.25178176297
0.01025198722
-0.02562920309
0.35172130116
0.00000000000
0.11847151537
-0.22708134196
0.61657149380
