NewF from SCFDIS:          0:
          1             2             3             4             5
1 -0.761727D+01
2  0.360012D+00 -0.750947D+01
3  0.000000D+00  0.000000D+00 -0.745475D+01
4 -0.271172D+00  0.341655D-01  0.000000D+00 -0.748927D+01
5  0.000000D+00  0.000000D+00  0.000000D+00  0.000000D+00 -0.761727D+01
6  0.000000D+00  0.000000D+00  0.000000D+00  0.000000D+00 -0.360012D+00
7  0.000000D+00  0.000000D+00  0.000000D+00  0.000000D+00  0.000000D+00
8  0.000000D+00  0.000000D+00  0.000000D+00  0.000000D+00 -0.271172D+00
          6             7             8
6 -0.750947D+01
7  0.000000D+00 -0.745475D+01
8 -0.341655D-01  0.000000D+00 -0.748927D+01
